Epoch	AverageEpRet	StdEpRet	MaxEpRet	MinEpRet	EpLen	TotalEnvInteracts	LossQ	LossPi	Qval	Time	remian_mins
1	-1983.107	0.0	-1983.107	-1983.107	999.0	1000	0.11328613	4.881754	-4.943515	41.50624752044678	3458.162189245224
2	-1992.8215	0.0	-1992.8215	-1992.8215	999.0	2000	7.8648016e-05	13.270972	-13.265131	82.70914101600647	3444.8357233166694
3	-1988.264	0.0	-1988.264	-1988.264	999.0	3000	0.0001106558	22.01564	-22.01224	124.82065463066101	3465.160062163406
4	-1989.47	0.0	-1989.47	-1989.47	999.0	4000	0.00016455643	30.453423	-30.446348	165.94509983062744	3454.423828140895
5	-1984.0605	0.0	-1984.0605	-1984.0605	999.0	5000	0.00023577888	38.53724	-38.534706	207.3185269832611	3451.8534742712973
6	-1994.9664	0.0	-1994.9664	-1994.9664	999.0	6000	0.00021598653	46.23284	-46.232327	248.62924551963806	3449.040144791868
7	-1996.3188	0.0	-1996.3188	-1996.3188	999.0	7000	0.0002592271	53.601704	-53.598145	289.7510733604431	3444.588355449268
8	-1996.9983	0.0	-1996.9983	-1996.9983	999.0	8000	0.00028341365	60.658333	-60.653522	330.91718101501465	3441.5386825561523
9	-1997.4056	0.0	-1997.4056	-1997.4056	999.0	9000	0.00030228146	67.38845	-67.38377	372.03317523002625	3438.5510695797425
10	-1997.3447	0.0	-1997.3447	-1997.3447	999.0	10000	0.0003362548	73.80373	-73.80368	413.21788239479065	3436.5953885833424
11	-1991.5876	0.0	-1991.5876	-1991.5876	999.0	11000	0.00036867443	79.87524	-79.87924	454.34236121177673	3434.4152122508394
12	-1995.0632	0.0	-1995.0632	-1995.0632	999.0	12000	0.00036958413	85.650024	-85.65484	495.5266671180725	3432.898632756869
13	-1984.9806	0.0	-1984.9806	-1984.9806	999.0	13000	0.00038576924	91.133224	-91.13914	536.6338973045349	3431.016981868866
14	-1978.0602	0.0	-1978.0602	-1978.0602	999.0	14000	0.0004392851	96.33377	-96.34137	577.8256635665894	3429.808045884541
15	-1989.3204	0.0	-1989.3204	-1989.3204	999.0	15000	0.00046276927	101.29368	-101.30146	618.9224882125854	3428.142893044154
16	-1984.0165	0.0	-1984.0165	-1984.0165	999.0	16000	0.0005038867	106.007576	-106.01527	660.1977264881134	3427.5265300174556
17	-1984.6548	0.0	-1984.6548	-1984.6548	999.0	17000	0.0005209629	110.49183	-110.50009	701.3707740306854	3426.402516661672
18	-1985.5204	0.0	-1985.5204	-1985.5204	999.0	18000	0.00056361844	114.75945	-114.7677	742.9754500389099	3427.3182334202306
19	-1984.4407	0.0	-1984.4407	-1984.4407	999.0	19000	0.00055952236	118.81852	-118.82647	784.3002359867096	3426.8416451314038
20	-1985.1821	0.0	-1985.1821	-1985.1821	999.0	20000	0.00068907154	122.68095	-122.69054	825.5469734668732	3426.019939887524
21	-1977.3248	0.0	-1977.3248	-1977.3248	999.0	21000	0.0006738998	126.336426	-126.345245	866.7361190319061	3424.9834417935404
22	-1973.7998	0.0	-1973.7998	-1973.7998	999.0	22000	0.00071408454	129.80504	-129.81332	907.9248926639557	3423.9773603645235
23	-1971.9857	0.0	-1971.9857	-1971.9857	999.0	23000	0.00082854077	133.09473	-133.10378	949.1193900108337	3423.0197131042896
24	-1970.6512	0.0	-1970.6512	-1970.6512	999.0	24000	0.0008298642	136.21336	-136.22417	990.3893456459045	3422.345405509737
25	-1969.7668	0.0	-1969.7668	-1969.7668	999.0	25000	0.000850219	139.16617	-139.17796	1031.6132442951202	3421.5172602454822
26	-1969.9475	0.0	-1969.9475	-1969.9475	999.0	26000	0.0008535643	141.9809	-141.9919	1072.8330569267273	3420.6869392009885
27	-1967.296	0.0	-1967.296	-1967.296	999.0	27000	0.0010882431	144.6204	-144.6481	1114.0459854602814	3419.8461022802344
28	-255.98552	0.0	-255.98552	-255.98552	130.0	28000	0.98321956	146.0575	-146.06857	1148.6857533454895	3399.5598766718595
29	-583.5718	620.06	-223.15916	-1964.3777	296.33334	29000	1.4486411	148.28955	-148.32695	1196.235853433609	3417.5220847232586
30	-1964.5037	0.0	-1964.5037	-1964.5037	999.0	30000	3.207297	151.09647	-151.18768	1237.3049654960632	3416.33648806413
31	-236.61903	7.211026	-221.18347	-244.95866	119.888885	31000	4.580296	152.63968	-152.79681	1279.9816646575928	3419.477898754612
32	-290.40915	80.95997	-161.74365	-353.22525	147.28572	32000	4.79321	153.80632	-154.02496	1322.450322151184	3421.8402085661887
33	-253.42183	66.215034	-191.89282	-339.3157	128.4	33000	3.0183556	154.24632	-154.5005	1391.3597705364227	3490.3454445729353
34	-1996.3223	0.0	-1996.3223	-1996.3223	999.0	34000	1.5068089	153.49767	-153.88083	21237.754962444305	51699.358403675695
35	-864.8679	801.22644	-242.50468	-1996.0762	434.0	35000	1.1179274	151.88466	-152.49748	21283.96200466156	50321.36731102127
36	-220.08263	32.973095	-191.55624	-304.02002	111.333336	36000	1.4236293	149.35283	-150.22209	21327.065605401993	49012.756326488656
37	-192.6448	25.89246	-132.26247	-222.56929	97.7	37000	1.7626714	145.95439	-147.02968	21369.99529314041	47774.45344137652
38	-164.9889	36.52605	-133.98213	-218.5159	83.69231	38000	2.2392945	140.9618	-142.31833	21413.092854499817	46601.65208071408
39	-140.59856	21.078037	-133.95708	-216.52373	71.28571	39000	2.6804383	134.52184	-136.03496	21456.227259397507	45489.03565550045
40	-135.19864	1.2773074	-134.01436	-138.51024	68.5	40000	2.2513742	128.08257	-129.6338	21498.527125597	44430.289392900464
41	-135.52145	1.4904861	-133.88567	-138.5418	68.666664	41000	1.8328756	121.3554	-122.937836	21541.77285718918	43425.06162552892
42	-136.02144	2.219651	-133.96712	-140.49637	68.92857	42000	1.2994615	114.45813	-116.10599	21583.91134619713	42465.48906922435
43	-136.14418	1.5137627	-133.87491	-138.51033	68.933334	43000	0.9867202	107.66531	-109.325096	21626.681982517242	41551.72968501472
44	-136.46788	1.039456	-134.25829	-138.28825	69.14286	44000	0.87483233	100.97828	-102.654854	21668.88070011139	40678.39876884547
45	-138.84012	1.5764385	-136.08629	-142.42639	70.35714	45000	0.8255861	94.33477	-96.073	21711.864731550217	39845.29249808568
46	-140.97551	2.3943431	-137.84645	-146.3893	71.42857	46000	0.7747174	87.92898	-89.676575	21754.99754714966	39048.644148036015
47	-142.27599	1.7313128	-139.82425	-144.38948	72.07143	47000	0.68778175	81.85202	-83.55906	21798.31927037239	38286.19693126044
48	-143.31227	2.0966868	-141.717	-148.39163	72.64286	48000	0.5531966	76.53872	-78.141785	21841.881150007248	37555.90119959579
49	-144.84567	2.0764215	-141.81143	-150.35992	73.42857	49000	0.42826977	71.96956	-73.425125	21885.20507669449	36854.98310704572
50	-145.79588	1.3391663	-143.73738	-148.32666	73.92308	50000	0.3701529	68.791084	-70.08708	21927.48262143135	36180.34632536173
51	-146.60875	1.6571459	-143.86497	-150.31668	74.28571	51000	0.37215722	66.455696	-67.613655	21970.443928956985	35533.24411908762
52	-145.67189	1.4409875	-143.87672	-147.77455	73.84615	52000	0.3036644	64.988594	-66.02865	22012.95783305168	34910.29338395504
53	-146.75618	3.2422936	-142.08836	-153.54996	74.42857	53000	0.21069919	64.120575	-65.030975	22055.61644387245	34311.04859994875
54	-142.84332	4.4670153	-138.44513	-153.6573	72.38461	54000	0.1889919	63.94216	-64.75377	22098.08374261856	33733.67968857759
55	-140.24055	5.2462525	-134.27634	-149.74174	71.07143	55000	0.15559672	64.052086	-64.804	22140.786524295807	33177.633140194775
56	-139.023	14.467266	-134.0388	-192.67897	70.46667	56000	0.1338242	64.40914	-65.10633	22183.980103731155	32642.142152632987
57	-138.22481	15.689324	-132.10762	-194.58289	70.07143	57000	0.12829642	64.87983	-65.520096	22226.204843521118	32124.01477822365
58	-150.91083	27.822979	-132.03365	-192.67863	76.61539	58000	0.13156983	65.498924	-66.09521	22268.662163972855	31624.059889182143
59	-154.5958	27.640215	-130.0144	-190.6649	78.46154	59000	0.13297129	66.21465	-66.78948	22311.571672439575	31141.65978348134
60	-141.56285	20.210695	-130.1895	-192.732	71.71429	60000	0.13942768	66.82913	-67.40124	22354.18660402298	30674.911617742644
61	-133.78731	2.3284984	-130.08437	-138.60306	67.71429	61000	0.1181889	67.24064	-67.83289	22397.3619017601	30224.199571801404
62	-133.77011	2.7341921	-130.05948	-140.59052	67.73333	62000	0.11314182	67.428246	-68.04332	22440.09694314003	29787.419006781038
63	-132.99303	2.1870878	-130.05305	-136.6082	67.333336	63000	0.10819279	67.46394	-68.09471	22482.585855722427	29364.160415264978
64	-132.96252	1.8703283	-130.07584	-136.49493	67.333336	64000	0.10136858	67.39457	-68.04005	22525.3061876297	28954.40399534901
65	-133.40889	1.5731674	-130.10204	-136.52348	67.53333	65000	0.103188336	67.283875	-67.92078	22568.639077425003	28558.00867874164
66	-132.51602	2.0391824	-130.07985	-136.48921	67.13333	66000	0.105925046	67.12368	-67.759	22611.370614767075	28172.85419526786
67	-132.39166	2.2694557	-130.051	-136.51132	67.066666	67000	0.10078653	66.962814	-67.60222	22654.429984092712	27799.57788844014
68	-132.82518	2.053311	-130.05495	-136.50409	67.28571	68000	0.09382103	66.72583	-67.36096	22696.603682279587	27436.18856887327
69	-133.55304	2.4072392	-130.07066	-138.51474	67.6	69000	0.09110641	66.43276	-67.05776	22739.290831565857	27083.923451799816
70	-133.30058	1.879538	-130.14735	-136.56085	67.46667	70000	0.09020778	66.267136	-66.8832	22782.611490488052	26742.446344787164
71	-131.48096	1.712173	-130.08151	-136.46747	66.6	71000	0.085071616	66.03883	-66.64073	22824.911351919174	26409.386867044508
72	-133.0187	2.7545443	-130.1128	-136.54303	67.333336	72000	0.08124255	65.85066	-66.45101	22867.66948914528	26086.08223206202
73	-131.49034	1.5357578	-130.08127	-134.49364	66.6	73000	0.07543506	65.576416	-66.17521	22910.825436353683	25772.063224866346
74	-131.64401	1.9980519	-128.10655	-136.55797	66.666664	74000	0.07511657	65.376816	-65.96528	22954.008148908615	25466.54147331618
75	-132.66035	2.4087875	-128.15651	-136.54158	67.13333	75000	0.07281456	65.20266	-65.77652	22997.60625934601	25169.60240606202
76	-131.10846	1.7066401	-128.15408	-134.52547	66.4	76000	0.07327413	65.09369	-65.657616	23041.310859441757	24880.5733929586
77	-132.09602	2.1706905	-128.18889	-136.57086	66.86667	77000	0.072103195	64.9534	-65.51112	23084.443845272064	24598.42360395549
78	-132.38055	2.3056262	-130.14734	-136.53806	67.0	78000	0.068213925	64.793724	-65.34322	23127.402647972107	24323.306801991177
79	-131.54376	1.7175099	-130.15964	-134.55505	66.6	79000	0.068855576	64.70338	-65.244705	23169.860547542572	24054.616825834808
80	-132.08344	1.7398933	-130.11192	-134.55457	66.86667	80000	0.06684915	64.568886	-65.1079	23212.399027585983	23792.70900327563
81	-132.30374	2.5610256	-130.06406	-138.53397	67.0	81000	0.07088091	64.42556	-64.958824	23255.25585794449	23537.572750047108
82	-131.93735	2.4424455	-130.08463	-136.5419	66.8	82000	0.066899836	64.25719	-64.78562	23298.073736429214	23288.602974747737
83	-132.0864	1.901147	-128.08333	-134.52472	66.86667	83000	0.06904351	64.14088	-64.660706	23341.259952783585	23045.9789533809
84	-131.70735	1.9795815	-130.25961	-136.55637	66.666664	84000	0.06927435	64.03948	-64.552536	23383.779808998108	22808.464591475138
85	-133.14708	2.1836967	-130.14314	-136.55247	67.35714	85000	0.06949118	63.917435	-64.422195	23426.21471595764	22576.440260574866
86	-132.55717	1.6270158	-130.23636	-134.57323	67.066666	86000	0.065430574	63.81152	-64.311134	23469.162296056747	22350.283628454043
87	-132.09341	1.8778058	-128.15155	-134.49004	66.86667	87000	0.066141166	63.715828	-64.20794	23512.05866599083	22129.26134597949
88	-132.21799	2.1128364	-130.13992	-136.51973	66.933334	88000	0.063131064	63.60035	-64.086266	23554.581645965576	21912.898682761916
89	-132.22694	2.113105	-130.14914	-136.53683	66.933334	89000	0.06424167	63.50865	-63.987465	23598.15616440773	21702.34923659295
90	-132.22954	2.490019	-128.18726	-136.54936	66.933334	90000	0.063047886	63.466385	-63.94308	23641.121093273163	21495.908253328005
91	-132.15703	1.8570684	-128.23827	-134.57385	66.86667	91000	0.062313974	63.346592	-63.817562	23683.67139482498	21293.61591157433
92	-131.70103	1.676572	-130.15205	-134.56244	66.666664	92000	0.0639886	63.237915	-63.709187	23726.26485323906	21095.744184727773
93	-132.25494	1.9502428	-130.22403	-136.56323	66.933334	93000	0.06504978	63.140972	-63.60848	23769.384821653366	20902.575505350014
94	-131.56844	2.15739	-128.2323	-136.57918	66.6	94000	0.067182876	63.040062	-63.509167	23812.472994089127	20713.473849113696
95	-131.5969	1.0510051	-130.24513	-132.5529	66.6	95000	0.06647022	62.849693	-63.311405	23855.27577805519	20528.092577431704
96	-132.58095	1.4241788	-130.30658	-134.5716	67.066666	96000	0.0626422	62.786575	-63.238495	23898.159467697144	20346.627435692153
97	-132.12625	1.7281262	-130.16466	-134.57625	66.86667	97000	0.059955947	62.692905	-63.143547	23940.84426188469	20168.721549144437
98	-132.01826	1.3798527	-130.20175	-134.51413	66.8	98000	0.061189204	62.582134	-63.029144	23983.565585136414	19994.46232964944
99	-131.57928	1.8705297	-130.1802	-134.59828	66.6	99000	0.061191007	62.50612	-62.949238	24026.100425243378	19823.55524985148
100	-132.15442	1.7118188	-130.25056	-134.61389	66.86667	100000	0.0642458	62.374012	-62.81067	24069.121084213257	19656.448885440826
101	-131.60194	1.6960335	-128.21913	-134.5471	66.6	101000	0.06387366	62.322384	-62.756092	24112.114020824432	19492.61494851797
102	-131.00832	1.6709106	-128.2318	-134.57622	66.333336	102000	0.067148075	62.184456	-62.620274	24154.815984010696	19331.746517922285
103	-131.85577	1.6432391	-130.22166	-134.54828	66.73333	103000	0.06532632	62.059956	-62.49312	24197.963536024094	19174.341009046926
104	-132.0206	1.7631513	-130.25198	-134.57303	66.8	104000	0.064317286	61.993076	-62.416924	24241.176870822906	19020.00031403028
105	-131.4564	1.5366585	-130.20781	-134.58423	66.53333	105000	0.06525597	61.93219	-62.34524	24284.313993692398	18868.526507797502
106	-132.44711	1.7599404	-130.214	-134.61253	67.0	106000	0.065756485	61.90207	-62.30966	24327.873032569885	18720.221795817142
107	-132.17929	2.544016	-128.1755	-136.57106	66.86667	107000	0.06612889	61.849396	-62.253162	24370.67978286743	18574.102208344288
108	-130.89084	1.8176233	-128.1785	-134.57562	66.26667	108000	0.068159096	61.77758	-62.17801	24413.35515522957	18430.576144966522
109	-131.29811	2.1538558	-128.1214	-134.55696	66.46667	109000	0.06710528	61.693893	-62.099453	24456.61100077629	18290.104649051504
110	-131.27968	1.865806	-128.13893	-134.49292	66.46667	110000	0.06707983	61.61269	-62.01863	24500.04745078087	18152.307883987647
111	-131.12152	1.5478806	-128.15288	-134.51627	66.4	111000	0.0667301	61.48036	-61.88239	24543.249561071396	18016.808874486193
112	-130.71759	2.0880492	-128.13507	-134.56882	66.2	112000	0.06488441	61.41073	-61.802864	24586.581204414368	17883.810852258546
113	-131.42421	2.3136535	-128.15923	-134.55287	66.53333	113000	0.062267028	61.33792	-61.72525	24630.222662448883	17753.377308464263
114	-131.55743	1.8869596	-128.18916	-134.58524	66.6	114000	0.063749604	61.275723	-61.65858	24673.17920088768	17624.7300549031
115	-131.32744	1.880264	-128.11853	-134.55807	66.46667	115000	0.0657872	61.263676	-61.64632	24716.55712246895	17498.606020762436
116	-132.44283	1.7431924	-130.20024	-136.60072	67.0	116000	0.06536194	61.163204	-61.547447	24760.178761720657	17374.815096586735
117	-131.85722	2.131598	-128.18456	-134.61464	66.73333	117000	0.064532965	61.06439	-61.443314	24803.954335689545	17253.23490330086
118	-132.59752	2.1129043	-128.223	-134.63072	67.066666	118000	0.06419441	61.003098	-61.374527	24847.98894238472	17133.88164077997
119	-132.17563	1.5014061	-130.34041	-134.59828	66.86667	119000	0.062816836	60.97704	-61.346455	24891.139954566956	17015.917943731274
120	-131.75832	1.8359149	-128.26915	-134.57574	66.666664	120000	0.06183667	60.932198	-61.29541	24934.28367447853	16899.90337936878
121	-131.45729	2.2949712	-128.14592	-134.55797	66.53333	121000	0.063393824	60.922276	-61.281296	24977.44676232338	16785.807541787293
122	-130.62358	1.740098	-128.13275	-132.54039	66.13333	122000	0.068024255	60.89521	-61.25397	25021.48591732979	16674.154139991082
123	-131.5749	2.427204	-128.13248	-134.57443	66.6	123000	0.068889745	60.799175	-61.153328	25064.338372945786	16563.520087378944
124	-131.75133	2.4122126	-128.13808	-134.60286	66.666664	124000	0.068735056	60.703617	-61.055923	25107.002392053604	16454.53543866309
125	-131.17319	1.8814554	-128.15355	-134.61314	66.4	125000	0.07141662	60.692066	-61.045063	25149.85673213005	16347.406875884533
126	-131.02359	2.0204597	-128.15561	-134.62753	66.333336	126000	0.071387686	60.63275	-60.984123	25192.520569324493	16241.844610434864
127	-130.89378	1.6609802	-128.17798	-134.60213	66.26667	127000	0.07166623	60.565353	-60.91224	25234.88731789589	16137.743556444446
128	-130.77588	1.7818886	-128.18103	-134.56302	66.2	128000	0.06985145	60.539246	-60.88258	25277.52931547165	16035.432659502327
129	-131.33485	2.1681507	-128.21033	-134.59825	66.46667	129000	0.07194289	60.473167	-60.811184	25320.271244764328	15934.759849256723
130	-130.87198	1.6075169	-128.20232	-132.54095	66.25	130000	0.06730626	60.44237	-60.783787	25364.022811174393	15836.255268002475
131	-131.03136	1.5008941	-128.21147	-132.54866	66.333336	131000	0.06595553	60.38885	-60.72572	25406.952191114426	15738.73412449569
132	-131.15997	2.3014011	-128.16196	-134.5673	66.4	132000	0.070416756	60.334667	-60.667908	25449.433471679688	15642.404310623324
133	-130.8561	2.097213	-128.2013	-134.52971	66.26667	133000	0.07275867	60.328472	-60.6575	25492.17146062851	15547.668984821923
134	-131.45639	2.1755145	-128.13806	-134.55376	66.53333	134000	0.072852045	60.289703	-60.616737	25534.807919740677	15454.275539484841
135	-130.90259	1.6588959	-128.16914	-134.58873	66.26667	135000	0.072695605	60.258663	-60.58402	25577.347912073135	15362.197233609359
136	-130.475	1.6538464	-128.17166	-132.5557	66.066666	136000	0.07544746	60.189472	-60.514706	25620.265166044235	15271.687471524407
137	-131.20686	1.7276148	-128.18388	-134.59142	66.4	137000	0.07895858	60.146072	-60.47074	25663.0024869442	15182.382128225017
138	-131.041	1.8585536	-128.19676	-134.61217	66.333336	138000	0.07274866	60.064995	-60.388336	25705.94752049446	15094.482710705806
139	-131.34586	1.5429814	-128.20317	-134.60855	66.46667	139000	0.071633	60.011307	-60.33372	25749.467453718185	15008.172816849412
140	-131.89647	1.9811424	-128.24803	-134.61423	66.73333	140000	0.06813164	59.956455	-60.27493	25792.189465761185	14922.623905190401
141	-132.4621	1.9032011	-128.25562	-134.62434	67.0	141000	0.068529546	59.886368	-60.200294	25835.546192646027	14838.642901899178
142	-132.21054	1.0653116	-130.25293	-134.58119	66.86667	142000	0.068138205	59.87701	-60.18972	25879.18368601799	14755.99464162857
143	-131.91487	1.4515134	-130.27872	-134.60713	66.73333	143000	0.06381178	59.829865	-60.137352	25923.461528539658	14674.854620526468
144	-131.9391	1.4417539	-130.28947	-134.57957	66.73333	144000	0.0652307	59.816566	-60.12038	25967.62195444107	14594.76530217197
145	-131.64717	1.5148795	-128.27457	-134.5798	66.6	145000	0.066744186	59.842274	-60.140892	26011.83832859993	14515.801733948581
146	-131.35497	1.8825859	-128.23158	-134.56593	66.46667	146000	0.058827635	59.838055	-60.133137	26055.713208675385	14437.720538231772
147	-131.06815	1.2706198	-128.27927	-132.5491	66.333336	147000	0.05930655	59.795235	-60.09196	26099.7218606472	14360.765327632751
148	-130.91461	1.4488552	-128.19534	-132.56337	66.26667	148000	0.06020006	59.747147	-60.04413	26143.622614383698	14284.78118524659
149	-131.21611	1.7088469	-128.21654	-134.57722	66.4	149000	0.05967768	59.713337	-60.013145	26187.352411031723	14209.714378737683
150	-130.47496	1.1955681	-128.17253	-132.50282	66.0625	150000	0.06160282	59.63878	-59.936787	26231.326118946075	14135.77018632094
151	-131.7908	1.6806101	-128.2461	-134.57545	66.666664	151000	0.05580921	59.6329	-59.927063	26274.21223425865	14062.213589836667
152	-131.08623	1.6864636	-128.20244	-134.5666	66.333336	152000	0.059365198	59.485123	-59.77671	26317.84429550171	13990.011967608803
153	-131.34052	1.5471249	-128.19722	-134.57861	66.46667	153000	0.05737179	59.463493	-59.753006	26361.07249903679	13918.531416430427
154	-130.48611	2.1382663	-128.16362	-134.58456	66.066666	154000	0.057522934	59.43701	-59.725697	26403.579881429672	13847.591786299588
155	-131.52573	1.0842673	-130.28708	-132.57263	66.53333	155000	0.05667154	59.407024	-59.6949	26446.39761018753	13777.720045307373
156	-131.08371	2.140535	-128.21118	-134.57335	66.333336	156000	0.059279323	59.337246	-59.621513	26489.08047056198	13708.665149508784
157	-130.3268	1.7157271	-128.17815	-134.50462	66.0	157000	0.06086387	59.28695	-59.57168	26532.745062828064	13640.98559864929
158	-130.04749	1.870784	-128.16109	-134.523	65.86667	158000	0.06188222	59.260136	-59.54522	26576.07126235962	13573.980701724186
159	-130.35025	1.5594062	-128.20059	-132.55814	66.0	159000	0.06125015	59.214024	-59.49861	26618.79580760002	13507.50424576433
160	-131.06122	1.985252	-128.21169	-134.55347	66.333336	160000	0.06114392	59.130802	-59.413906	26661.68047618866	13441.930573411782
161	-130.77742	1.727205	-128.21056	-132.57355	66.1875	161000	0.0578776	59.043938	-59.324505	26705.21063542366	13377.485948738622
162	-131.77507	1.6985024	-128.16295	-134.56757	66.666664	162000	0.059015382	59.027718	-59.30404	26748.185052633286	13313.551366732492
163	-130.92413	1.9944515	-128.15834	-134.54814	66.26667	163000	0.0572897	59.00256	-59.27666	26791.394642591476	13250.508781821572
164	-130.63182	1.5554996	-128.14969	-132.53552	66.13333	164000	0.056250125	58.97717	-59.246788	26834.719654798508	13188.282952297315
165	-130.80869	1.785598	-128.18999	-134.55943	66.2	165000	0.054069053	58.920036	-59.191566	26878.690499544144	13127.118036898579
166	-130.48004	1.4703346	-128.17944	-132.57161	66.066666	166000	0.05380231	58.870865	-59.140198	26921.739829301834	13066.233969361954
167	-131.0724	2.023617	-128.1481	-134.57355	66.333336	167000	0.051006343	58.833466	-59.09983	26964.9581925869	13006.151990496255
168	-130.5019	1.9853146	-128.14871	-132.57146	66.066666	168000	0.04940735	58.799477	-59.063763	27008.33071422577	12946.850596343145
169	-131.3633	1.8978107	-128.15672	-134.5763	66.46667	169000	0.048716296	58.790596	-59.054382	27052.03976035118	12888.402769453309
170	-130.35315	2.4724357	-128.11743	-134.59514	66.0	170000	0.051089723	58.7399	-59.00169	27095.460794448853	12830.497611489014
171	-131.25073	1.6991122	-128.24081	-134.5856	66.4	171000	0.05235569	58.74269	-59.00095	27138.860338687897	12773.251128218699
172	-130.61444	1.6764503	-128.13545	-132.5839	66.125	172000	0.054149713	58.737892	-58.99536	27182.83557701111	12716.931217617212
173	-130.49603	1.8454336	-128.16803	-132.5942	66.066666	173000	0.056332853	58.71718	-58.975254	27226.690311908722	12661.197893601484
174	-130.35927	1.9530426	-128.13005	-132.59468	66.0	174000	0.054465506	58.64451	-58.9	27269.828756570816	12605.765668506776
175	-130.82877	1.8020294	-128.22945	-132.60048	66.2	175000	0.055260934	58.625664	-58.878414	27314.138028621674	12551.496760771388
176	-131.67783	1.7074615	-128.18774	-134.59567	66.6	176000	0.05548364	58.574707	-58.823025	27357.944833278656	12497.606617020476
177	-130.07715	1.5709523	-128.1195	-132.58911	65.86667	177000	0.058618423	58.60669	-58.85648	27401.43602371216	12444.173817548375
178	-130.50737	1.8557744	-128.12524	-132.58913	66.066666	178000	0.060113583	58.58001	-58.830513	27444.257970571518	12391.031079971523
179	-130.64961	1.8975242	-128.17928	-134.64203	66.13333	179000	0.060428634	58.53895	-58.787495	27487.26002907753	12338.55499070603
180	-131.02567	2.1270955	-128.13892	-134.59749	66.3125	180000	0.05925084	58.501614	-58.747658	27531.458517074585	12287.18796780551
181	-130.51329	1.825785	-128.11855	-134.59798	66.066666	181000	0.0548204	58.483067	-58.729023	27574.866226434708	12236.029497715364
182	-130.62547	2.5817342	-128.11058	-134.61102	66.13333	182000	0.057051245	58.472633	-58.71532	27618.60165333748	12185.569850346152
183	-131.64339	1.5394131	-128.27844	-134.62134	66.6	183000	0.053390272	58.46058	-58.70225	27661.7712290287	12135.405465412683
184	-131.49768	1.5488037	-128.21227	-134.59041	66.53333	184000	0.054965958	58.411396	-58.650238	27705.377977371216	12085.969233606864
185	-131.3546	1.7297256	-128.18275	-134.63824	66.46667	185000	0.0542952	58.441017	-58.679474	27747.940265655518	12036.606520642461
186	-130.51207	1.8437698	-128.18054	-132.57889	66.066666	186000	0.052565254	58.405533	-58.64449	27791.42476129532	11988.164767103555
187	-131.21567	2.0439804	-128.15996	-134.58322	66.4	187000	0.051456124	58.334156	-58.572994	27834.50999546051	11940.062086288006
188	-129.92926	1.6247257	-128.1205	-132.58113	65.8	188000	0.05383538	58.38245	-58.61794	27877.47342133522	11892.411533995131
189	-130.48637	1.8461359	-128.12067	-134.62386	66.066666	189000	0.052238885	58.29269	-58.526016	27920.689802885056	11845.364959583774
190	-130.35307	1.2921822	-128.15213	-132.477	66.0	190000	0.05181505	58.33429	-58.565186	27965.345933437347	11799.41350349418
191	-129.20209	1.7350346	-128.12051	-132.53288	65.46667	191000	0.052319597	58.306667	-58.53685	28008.122418165207	11753.146658722206
192	-130.79108	1.4013362	-128.17226	-132.58954	66.2	192000	0.05203166	58.319603	-58.547802	28051.267815113068	11707.50830339094
193	-130.50027	1.6532704	-128.17265	-132.549	66.066666	193000	0.056501437	58.273445	-58.501484	28095.188391685486	11662.657219242845
194	-130.52525	1.8041645	-128.25085	-134.52966	66.066666	194000	0.055400386	58.24926	-58.47746	28138.414928674698	11617.974411272387
195	-130.66843	1.3104264	-128.21123	-132.54207	66.13333	195000	0.05460855	58.175247	-58.400646	28181.65901350975	11573.749705975586
196	-130.35788	2.0502412	-128.15768	-134.54173	66.0	196000	0.05627321	58.14721	-58.37038	28224.45307612419	11529.785083137807
197	-130.3449	1.6777203	-128.17432	-132.48251	66.0	197000	0.06224037	58.1996	-58.421143	28267.854244709015	11486.506255273891
198	-129.81294	1.6625702	-128.16519	-132.54948	65.73333	198000	0.060245875	58.13444	-58.356876	28311.080500602722	11443.58657945238
199	-130.77878	1.9388515	-128.16905	-134.52742	66.2	199000	0.060020737	58.13927	-58.36109	28353.70920419693	11400.85074450163
200	-130.35555	2.0470045	-128.17488	-132.51953	66.0	200000	0.06035001	58.088985	-58.310303	28397.01180911064	11358.804723644256
201	-130.51907	1.6535264	-128.16747	-132.53482	66.066666	201000	0.058694504	58.10324	-58.323963	28441.465722084045	11317.628026557326
202	-130.36974	1.5520363	-128.20412	-132.53732	66.0	202000	0.06138185	58.080936	-58.30082	28485.25340437889	11276.58794011633
203	-131.0823	1.8274717	-128.24187	-134.52242	66.333336	203000	0.056623105	58.079334	-58.298996	28529.208602905273	11236.01097439545
204	-129.45209	1.497697	-128.20836	-132.54895	65.5625	204000	0.058541726	58.018234	-58.23623	28572.715976953506	11195.64916874747
205	-131.19661	2.150774	-128.20816	-134.52843	66.4	205000	0.057277016	58.00323	-58.22267	28615.619953393936	11155.43883548975
206	-130.09015	1.0522108	-128.21973	-132.44374	65.86667	206000	0.059092008	57.972324	-58.189213	28658.512848854065	11115.607653511843
207	-130.50142	1.460161	-128.20915	-132.55734	66.066666	207000	0.06083225	57.91988	-58.135334	28701.71324658394	11076.273074949826
208	-130.2112	1.459693	-128.16531	-132.52728	65.933334	208000	0.058636982	57.954586	-58.17082	28744.55564069748	11037.17232613961
209	-130.08708	1.3041865	-128.2132	-132.54814	65.86667	209000	0.055851717	57.877552	-58.09411	28787.939892053604	10998.645934834834
210	-130.63895	1.6680391	-128.12973	-132.58885	66.125	210000	0.054678574	57.872303	-58.086357	28831.537952899933	10960.560856697673
211	-129.80576	1.8388417	-128.17128	-132.6068	65.73333	211000	0.053179182	57.825603	-58.035492	28874.683314323425	10922.658640781587
212	-129.66286	1.5102384	-128.17819	-132.59192	65.666664	212000	0.05031403	57.836456	-58.046394	28917.94136571884	10885.149627284734
213	-129.79454	1.6604794	-128.16127	-132.58067	65.73333	213000	0.05107519	57.781868	-57.99038	28960.821459770203	10847.844470103282
214	-131.229	1.3453503	-128.21342	-132.60066	66.4	214000	0.049760096	57.822124	-58.02932	29004.381733894348	10811.134811403297
215	-131.24643	1.6919388	-128.27824	-132.59642	66.4	215000	0.05267084	57.76527	-57.971107	29047.649227380753	10774.651283179606
216	-130.5144	1.6338753	-128.20718	-132.51823	66.066666	216000	0.047441553	57.766266	-57.971615	29090.508706092834	10738.34827545896
217	-130.50514	1.6174339	-128.17316	-132.6071	66.0625	217000	0.04839092	57.720768	-57.924957	29134.508390903473	10702.79213776431
218	-130.09297	1.7226477	-128.16483	-132.548	65.86667	218000	0.046691403	57.73466	-57.936916	29177.89630794525	10667.331815335947
219	-130.08505	1.7174379	-128.16087	-132.54837	65.86667	219000	0.048507605	57.72331	-57.925987	29220.392323493958	10631.864208418918
220	-130.68413	1.5379949	-128.19608	-132.55334	66.13333	220000	0.046391122	57.6968	-57.899002	29262.89336538315	10596.714415646322
221	-130.96648	1.66244	-128.21663	-132.61215	66.26667	221000	0.04514372	57.69907	-57.899364	29306.016318559647	10562.100451462786
