Epoch	AverageEpRet	StdEpRet	MaxEpRet	MinEpRet	EpLen	TotalEnvInteracts	AverageTestEpRet	StdTestEpRet	MaxTestEpRet	MinTestEpRet	TestEpLen	LossQ1	LossQ2	LossPi	Q1val	Q2val	Time	remian_mins
1	91.167534	53.8189	269.40262	7.900906	292.82352	10000	73.66044	47.29973	110.5004	6.8875	234.66667	0.01585093	0.014174541	-1.2534126	2.5256362	2.5256462	54.23398184776306	451.0459430853526
2	71.07617	41.08195	153.96327	0.32248056	241.36586	20000	80.03355	17.57561	104.00972	62.37004	258.0	0.016839983	0.016485505	-3.1203322	6.2252045	6.225214	110.34653425216675	457.9381121993065
3	72.053795	37.643578	141.22273	8.218868	246.97562	30000	106.44022	13.636447	123.6041	90.24383	322.66666	0.016825436	0.016936515	-4.3807955	8.747843	8.747782	169.47883534431458	467.9498927341567
4	74.069756	34.889393	144.16588	10.02419	253.07692	40000	65.91567	46.544903	103.25074	0.29910278	170.66667	0.019201517	0.020080393	-4.9711185	9.918984	9.919008	226.03106546401978	467.13086665471394
5	73.674484	38.994686	141.08742	0.29880694	247.425	50000	80.22588	18.395866	102.85337	57.794163	249.0	0.02148579	0.022287825	-5.1754894	10.324715	10.324791	282.3589594364166	465.89228188991547
6	74.5177	36.579918	145.27368	0.29783708	253.625	60000	100.0448	18.06443	113.8432	74.526024	328.33334	0.0230273	0.023562832	-5.270819	10.526603	10.52664	340.5387108325958	467.29478456841576
7	84.245705	34.84707	142.3172	8.192373	265.3421	70000	65.281204	20.413408	91.94166	42.360565	202.33333	0.02263638	0.023270419	-5.234318	10.44529	10.445301	398.9689130783081	468.3135084759622
8	68.019325	38.792465	126.32334	0.2990889	227.63637	80000	115.697914	1.5447206	116.97118	113.523964	338.33334	0.023433771	0.02402552	-5.245491	10.461727	10.461712	456.7661497592926	468.1853022813797
9	68.820206	34.437675	138.59126	0.29908508	235.21428	90000	56.27596	45.04874	110.60879	0.29910278	175.0	0.024476698	0.024995208	-5.1600785	10.299101	10.299159	513.823564529419	467.1988328068345
10	72.683914	35.173416	141.39737	0.29909807	247.125	100000	73.38709	30.448454	100.30238	30.82038	262.0	0.025340479	0.026264932	-5.0916934	10.155676	10.1557045	569.3781063556671	464.99211960633596
11	65.12149	37.341003	133.34013	0.2989354	229.09091	110000	88.6611	32.03732	115.93852	43.69283	274.33334	0.024861421	0.025829067	-4.9983172	9.9776325	9.977695	628.1791243553162	465.4236232475801
12	74.31843	40.778862	141.29295	4.9105496	247.21951	120000	36.41911	35.84979	86.9799	7.8958836	128.66667	0.0258724	0.026532011	-4.950119	9.886052	9.886127	683.1604771614075	463.0309894296858
13	74.78969	40.14486	148.1343	0.29914623	247.625	130000	40.994747	42.33641	99.37483	0.29896387	143.0	0.026344625	0.027857924	-4.927522	9.836715	9.836741	742.1111857891083	463.3437782241748
14	78.5836	37.989643	136.22385	0.29887268	250.35	140000	91.44265	24.511003	124.97519	67.06977	271.0	0.026431173	0.02792299	-4.922847	9.8309	9.830906	799.6710696220398	462.6668325866971
15	80.034096	34.848877	137.0008	15.615001	264.78946	150000	76.1531	22.830305	107.5706	53.999226	282.0	0.0263997	0.028011706	-4.9418797	9.873596	9.873591	858.2114312648773	462.4806039836672
16	74.17076	37.232643	138.32635	5.7606993	249.875	160000	106.2945	14.372901	126.58765	95.14208	316.66666	0.02611211	0.027377477	-4.9585333	9.9036455	9.903653	914.1098129749298	460.86369689404967
17	71.93966	38.28643	142.2081	8.206132	239.29268	170000	54.501606	24.223036	87.44909	29.905	211.66667	0.025849035	0.027023444	-4.9761343	9.936149	9.936164	970.9449694156647	459.77099977170724
18	66.514465	35.11207	133.039	0.29894444	234.93024	180000	50.446056	30.242804	75.46988	7.8958836	190.33333	0.02661643	0.02797323	-5.007922	10.000962	10.000962	1028.4773528575897	459.00563297934
19	80.90103	39.79376	147.99919	0.298845	265.71054	190000	43.81744	38.389996	97.27685	8.886725	130.33333	0.025650308	0.026865533	-5.050975	10.086878	10.08691	1086.9852175712585	458.6314816477006
20	69.15803	35.28419	140.58725	0.29910278	240.19513	200000	83.5129	14.4064045	96.08188	63.342003	308.33334	0.025703767	0.026880603	-5.0927067	10.177497	10.177507	1143.4093165397644	457.36372623443606
21	83.356865	25.6949	123.61316	29.724583	289.22858	210000	45.1579	18.960733	70.5806	25.062172	156.0	0.025297897	0.026514169	-5.120835	10.230318	10.230357	1201.4230506420135	456.731460952948
22	73.04877	40.66064	146.79488	0.29893455	238.17073	220000	52.060497	33.318905	94.18664	12.714503	156.33333	0.025508331	0.02641955	-5.162471	10.314988	10.315025	1257.5051937103271	455.3693046497576
23	72.03984	36.73236	140.23558	8.166699	253.025	230000	84.98669	17.741629	101.04764	60.26243	283.0	0.02516255	0.026001109	-5.202698	10.398646	10.398644	1316.0525975227356	454.8964409055917
24	80.3505	39.72361	150.19684	0.29891655	259.56412	240000	113.006966	24.061102	140.0406	81.59345	390.66666	0.07250027	0.0634607	-5.718192	11.032537	11.032544	1374.0904088020325	454.2132181498739
25	80.607185	56.279182	216.25787	0.29830703	249.82051	250000	111.35159	56.271645	153.69041	31.827099	358.66666	0.2317011	0.2340601	-9.667555	18.268627	18.26898	1431.6182057857513	453.34576478799187
26	101.48299	57.781597	208.94662	9.014511	315.875	260000	94.48951	55.195427	158.09798	23.502691	279.66666	0.3129575	0.28112653	-11.469933	22.140265	22.139977	1488.9437856674194	452.4098422059646
27	95.894356	61.161243	210.77914	0.29923055	302.36365	270000	151.9654	20.129879	176.32498	127.02723	360.33334	0.2668459	0.24321933	-10.2806225	19.816452	19.816538	1547.0035943984985	451.6868517359098
28	103.84306	56.482765	252.84753	0.29880276	299.64706	280000	99.5018	60.452892	174.64915	26.622536	274.66666	0.2216978	0.20842677	-10.691358	20.814589	20.814571	1605.0631449222565	450.9463118099031
29	117.6265	51.61622	204.93298	11.9906	320.03226	290000	119.245094	42.115307	158.1661	60.74083	354.0	0.2275087	0.20402534	-10.760483	20.960442	20.960495	1661.5838527679443	449.77355982311843
30	97.97898	59.328823	208.21916	0.29801202	273.8611	300000	158.37347	30.314198	196.47264	122.30138	322.66666	0.21441193	0.19610304	-11.052517	21.575727	21.575727	1717.0979075431824	448.3533423384031
31	107.792206	63.099323	249.19783	8.7786455	299.87878	310000	117.8902	12.606101	135.61928	107.40377	377.33334	0.17916381	0.15993223	-10.747959	21.056324	21.056395	1774.5956563949585	447.46524854308814
32	97.352104	55.517456	204.3051	0.2988667	275.0811	320000	84.38724	20.983305	111.89668	60.995533	284.33334	0.15566479	0.128107	-10.296711	20.230898	20.23088	1832.0316371917725	446.5577113330364
33	127.96284	52.21035	238.90851	13.529317	375.23077	330000	81.046974	49.326008	116.984314	11.300284	251.66667	0.12493645	0.12506725	-9.821804	19.383215	19.38332	1888.9613547325134	445.5277536437969
34	206.57771	135.81438	607.76044	7.974722	496.85715	340000	189.09026	87.368225	305.1164	94.29049	478.66666	0.15256281	0.10501929	-9.921634	19.224506	19.224545	1948.6809351444244	445.1398603483742
35	223.75717	226.03175	848.8332	11.866211	480.95	350000	534.7124	283.8904	929.8631	275.63446	1045.0	0.21460812	0.13245633	-10.175616	19.37459	19.374449	2006.6326167583466	444.3257933940206
36	274.50302	206.81546	868.59906	4.8281856	649.2857	360000	728.8974	495.45447	1181.2714	39.319584	1278.6666	0.20330323	0.13434616	-10.558873	20.257727	20.25763	2061.9100828170776	442.92883234907083
37	426.8134	489.40115	1500.9321	11.54525	796.1429	370000	320.15253	124.0971	463.4361	160.74686	636.0	0.21730264	0.13995346	-10.776172	20.778677	20.778662	2126.328099012375	443.46392310395976
38	365.78546	243.18726	1019.8776	69.75087	746.61536	380000	257.17447	70.13657	335.8856	165.54915	657.3333	0.24779359	0.14880867	-11.175247	21.534231	21.534296	2183.2292006015778	442.39117992865414
39	760.9876	761.64844	2084.4016	47.942482	1323.2	390000	671.24884	523.6009	1310.7196	28.179693	1496.3334	0.23219936	0.14031175	-11.401312	22.020536	22.020649	2228.0325849056244	438.9414620520722
40	1332.7583	833.7149	2592.2249	380.47287	2618.25	400000	222.7627	160.91977	397.76974	9.274442	580.6667	0.23622958	0.15738322	-11.783391	22.889698	22.889717	2288.5343255996704	438.6357455571493
41	913.88727	650.47906	2196.121	53.310665	1695.2858	410000	613.2237	397.937	1060.6196	93.87644	1156.3334	0.2823299	0.1800986	-12.269431	23.698008	23.69801	2358.1931030750275	440.0043226239158
42	1031.5618	1244.3019	3631.7615	7.4285407	1894.5	420000	460.47696	229.8278	762.252	205.04239	981.6667	0.38298768	0.24237208	-12.473752	23.997221	23.997328	2423.6282517910004	440.4848169739284
43	497.0149	424.79205	1491.6711	22.41675	945.8	430000	500.5027	508.80603	1203.7916	17.086273	865.3333	0.39359298	0.25345096	-12.447889	24.070175	24.070242	2480.494230747223	439.3743655099425
44	389.64655	259.25198	1082.2897	48.95754	844.1	440000	453.80466	390.18762	1003.8246	140.34758	887.0	0.37964723	0.25959495	-12.416848	24.071583	24.071686	2532.719432115555	437.46971992796114
45	5444.343	3860.6653	9305.008	1583.6774	6012.0	450000	929.98755	654.9182	1648.3473	64.501144	1331.0	0.3412814	0.22506706	-12.938797	25.164679	25.164724	2602.9295814037323	438.6418366652948
46	314.77182	355.7719	1293.3483	42.88779	635.6667	460000	451.859	405.2974	998.5761	29.422464	872.0	0.3552492	0.22996488	-13.167444	25.608734	25.60885	2650.443473339081	435.97874509528066
47	3040.7048	3439.1936	7886.6045	257.16965	3823.3333	470000	1634.2207	1465.153	3564.6982	17.09816	2507.3333	0.3561971	0.23119892	-13.853944	26.94405	26.94419	2721.173211812973	437.12463280824903
48	931.5251	299.54382	1352.5134	566.69507	1589.6666	480000	1931.9731	1217.536	3568.754	650.655	3381.3333	0.36207154	0.23707534	-14.171478	27.551033	27.550955	2784.7438576221466	437.050077504913
49	1167.3854	1218.9427	3216.5903	20.044691	1785.5	490000	621.91046	249.80693	862.4932	277.5762	1407.6666	0.36988962	0.22764775	-14.605065	28.38888	28.388903	2848.088762998581	436.9006910118116
50	434.58997	285.99155	815.9263	0.29836035	778.2308	500000	415.45764	164.39546	563.1469	186.11473	799.6667	0.3993014	0.23773636	-14.636773	28.460688	28.46083	2907.8246302604675	436.1736943602562
51	1339.6895	2070.3684	4923.5483	60.55788	2606.25	510000	2713.2717	3677.6738	7914.2065	87.56004	3580.0	0.39184177	0.26198593	-14.526467	28.406322	28.406435	2976.0534896850586	436.68235827886986
52	297.50403	345.228	1083.5577	5.315924	553.5455	520000	931.883	374.38815	1441.0865	551.6488	1481.0	0.38874108	0.25592083	-14.458884	28.278172	28.278313	3017.3368825912476	433.2586291924501
53	1810.8649	1565.8975	4655.6313	74.91205	2760.0	530000	422.70053	362.61398	934.64075	140.82156	814.3333	0.3771313	0.23907061	-14.407254	28.1317	28.13171	3095.1327764987946	435.07055049122505
54	856.3626	729.21625	2230.182	0.2984365	1365.4286	540000	631.393	724.6228	1647.4401	7.811419	1054.3334	0.3682114	0.22027972	-14.617471	28.563593	28.563494	3152.1959466934204	433.9133925308416
55	2928.6543	515.7899	3444.4443	2412.8645	5215.5	550000	1465.6403	1629.3663	3754.0493	87.68379	1918.6666	0.39912388	0.21245131	-14.834393	28.819183	28.819187	3216.06889796257	433.68201792998747
56	1429.6099	0.0	1429.6099	1429.6099	2339.0	560000	315.41495	141.85992	503.02533	160.06204	716.0	0.4015395	0.2015549	-15.016843	29.057365	29.057453	3236.823314189911	427.72308061463497
57	3372.8813	3282.624	6655.5054	90.25722	5183.0	570000	980.08685	760.2357	2034.1799	269.72824	1796.3334	0.38886476	0.19423209	-15.339656	29.752499	29.752478	3300.186721801758	427.48032667546244
58	1741.1085	2386.5225	7011.0664	251.25607	2663.3333	580000	2383.8499	812.73004	3487.89	1555.0321	3102.0	0.3868301	0.20870681	-15.572777	30.341103	30.341026	3393.796499967575	431.0511644693627
59	8312.1	0.0	8312.1	8312.1	10000.0	590000	271.21365	126.96114	383.27536	93.6907	659.0	0.37309924	0.21148506	-15.759978	30.729525	30.72955	3452.807338953018	430.1378632931386
60	2724.9817	3642.57	7875.227	56.54878	3619.0	600000	3415.261	3995.9497	9032.004	67.844696	4023.6667	0.3501918	0.19209069	-16.199516	31.610355	31.610205	3522.715598344803	430.5541285408868
61	470.3848	262.17505	768.5796	67.44573	975.8333	610000	1395.9369	1259.6619	3144.1045	225.11331	2097.6667	0.3523413	0.18995227	-16.240479	31.728992	31.728844	3565.4681253433228	427.6613406030207
62	1849.6732	1903.7916	4943.987	50.569035	2559.8	620000	3236.7976	4143.8154	9094.326	153.67682	3812.6667	0.3681176	0.18882579	-16.44168	32.10146	32.101402	3645.8558967113495	429.2701296337189
63	1019.2987	1139.5542	3740.707	52.00839	1504.625	630000	5649.1196	3778.072	8367.308	306.39243	6891.0	0.39271808	0.19322324	-16.548365	32.267113	32.26707	3730.0578105449677	431.2262599701604
64	1206.8639	0.0	1206.8639	1206.8639	2073.0	640000	1667.9028	1760.3989	4107.27	17.380045	2082.0	0.39419466	0.19558041	-16.536232	32.24301	32.243073	3754.3203897476196	426.27179417138296
65	1853.3529	2921.693	8772.661	111.71461	2410.1428	650000	1240.045	1245.1815	2998.1733	274.64117	2116.0	0.37853247	0.1951362	-16.808596	32.861347	32.861298	3848.336473464966	429.23752962625946
66	2634.3008	1790.7612	5073.749	825.4598	3504.3333	660000	3267.6924	2516.9143	6794.827	1089.6644	4357.6665	0.35717085	0.1874397	-16.967735	33.29219	33.292233	3916.9445254802704	429.281293849632
67	8172.862	0.0	8172.862	8172.862	10000.0	670000	2578.7744	3483.785	7504.6245	31.363419	3365.6667	0.34082484	0.1781355	-17.291388	33.95918	33.959156	3984.358551502228	429.1610080309175
68	1259.9789	1165.8057	3348.441	58.415585	1937.8	680000	2793.7751	3484.6028	7712.057	67.12807	3877.0	0.33912998	0.16856006	-17.478573	34.321545	34.321507	4049.4068920612335	428.76072962143843
69	907.7925	1151.8508	3245.739	0.29818773	1431.7142	690000	957.89044	1123.577	2545.361	104.23399	1497.0	0.32709926	0.16311707	-17.5794	34.52937	34.529392	4108.632161617279	427.7344109289888
70	834.167	753.101	2340.2766	0.2971125	1335.875	700000	2016.6426	2543.7544	5606.5864	21.033075	3074.3333	0.33419725	0.18124299	-17.47577	34.38302	34.382965	4177.168239593506	427.6624625274113
71	1559.0302	2028.2283	5070.139	280.22214	2550.75	710000	446.34024	202.24065	677.87354	185.15639	963.0	0.34437695	0.18793832	-17.331125	34.07344	34.073387	4237.24484539032	426.7084596862256
72	3725.4429	1168.0992	4893.542	2557.3435	4809.0	720000	2214.1897	1253.701	3312.2515	459.6114	2901.0	0.34808052	0.18896669	-17.295141	34.01588	34.015797	4299.773218393326	425.9960502463358
73	725.0052	347.66504	1315.2051	301.93967	1224.75	730000	287.81857	62.01531	351.70178	203.83804	631.3333	0.3451813	0.17659853	-17.344086	34.074142	34.0741	4357.794602394104	424.8352271267268
74	782.11835	468.63196	1333.4368	7.3142047	1322.0	740000	244.03862	167.21535	441.83136	32.892597	494.33334	0.3313039	0.16507444	-17.3014	34.02927	34.029144	4413.148752212524	423.42373151682517
75	804.9901	882.495	2894.1157	15.138637	1316.875	750000	203.9098	189.51187	456.64224	0.29814443	438.66666	0.31961125	0.15803508	-17.27039	33.95635	33.956284	4473.678262472153	422.51405803230074
76	528.9442	504.60437	1513.1931	13.923021	947.6667	760000	1334.798	1129.517	2925.1353	409.88565	2216.6667	0.31728968	0.15681143	-17.276169	33.94675	33.946728	4527.0424246788025	420.93552360952947
77	936.26514	1018.114	2878.1575	44.452328	1495.0	770000	2787.1243	2277.4568	5894.5547	499.84097	3948.3333	0.32560986	0.15789975	-17.290571	34.00695	34.00692	4590.414020776749	420.29115374119255
78	1810.4791	1353.8389	3843.9807	147.52234	2514.4	780000	1554.8394	1003.9818	2879.3767	449.65988	2197.6667	0.31234655	0.15024741	-17.421066	34.27073	34.27067	4666.249839782715	420.7601350182142
79	1411.4156	945.2728	2356.2668	364.5931	2287.25	790000	1674.7523	1336.3438	3442.4236	211.92998	2632.0	0.31018195	0.14444023	-17.758755	34.92157	34.921516	4725.824694395065	419.7409696073472
80	3759.177	724.3147	4483.4917	3034.8623	5299.0	800000	1206.0135	848.8386	1866.4934	7.6634383	2066.6667	0.31895143	0.13327047	-17.98999	35.33269	35.33258	4790.272574186325	419.1488501161337
81	6862.962	0.0	6862.962	6862.962	10000.0	810000	2596.7102	2797.616	6480.253	0.29828888	3525.6667	0.32009345	0.13525504	-18.200113	35.79157	35.791515	4855.838959693909	418.6412600436328
82	1433.9175	220.20148	1654.119	1213.7161	2525.0	820000	4118.295	3374.3115	8723.659	733.054	5171.6665	0.31319606	0.13271782	-18.236515	35.89838	35.898365	4901.87246632576	416.4598964482788
83	1984.2512	2104.4385	4846.143	105.07696	3004.8	830000	3372.9873	1784.0078	5845.844	1703.2467	4887.6665	0.2953928	0.1318465	-18.338047	36.151554	36.151546	4994.896809577942	418.2473833727549
84	1362.0168	1115.2714	3172.426	7.932855	2063.6	840000	2342.2473	1490.6263	4388.8027	881.182	3184.6667	0.2846761	0.13610063	-18.424187	36.361866	36.361904	5061.634792566299	417.78572881183925
85	456.00842	379.45093	1098.0837	24.358284	867.7778	850000	877.0158	288.5756	1284.0765	648.18823	1409.3334	0.28865373	0.13997373	-18.435192	36.406116	36.40612	5108.208017110825	415.66790719710144
86	1082.4412	1298.0406	3537.8982	18.194458	1667.8334	860000	1975.5824	1091.7509	3495.8188	981.9246	3133.3333	0.28729764	0.1442889	-18.40837	36.357254	36.357258	5171.7003009319305	414.9387449982554
87	1131.601	536.2143	1826.4911	275.5898	1934.6666	870000	272.79865	108.61667	377.472	123.10188	812.3333	0.27405092	0.14772761	-18.398472	36.375587	36.375565	5233.816322088242	414.0931303508894
88	995.0236	641.8553	1886.2075	217.46776	1754.6	880000	2205.84	1614.9688	4344.248	441.94592	3241.3333	0.27149084	0.14731956	-18.491243	36.562126	36.562138	5294.878400802612	413.16096603021475
89	1253.779	485.52933	1747.7329	467.77704	2150.4	890000	1091.813	741.57184	2140.554	567.16077	1882.6666	0.27496615	0.13923967	-18.696028	36.948334	36.94834	5359.028301715851	412.46453775529113
90	1622.8551	1516.821	3679.4343	66.37882	3412.0	900000	2547.0735	1470.4922	4018.2947	538.6111	3870.6667	0.27458182	0.14044246	-18.725489	37.009686	37.00963	5428.896374702454	412.1939839327777
91	8336.378	0.0	8336.378	8336.378	10000.0	910000	5330.5757	3269.942	7888.1245	715.1879	7022.3335	0.27111027	0.1452768	-18.870348	37.31605	37.316044	5502.021946668625	412.14779772937516
92	2628.6116	2482.736	6132.3105	679.1824	3426.6667	920000	500.53333	571.5413	1304.0228	22.67911	1204.3334	0.26810843	0.14484408	-18.945717	37.477173	37.47714	5563.430173635483	411.21005622407665
93	6734.155	0.0	6734.155	6734.155	10000.0	930000	2342.1226	931.04645	3464.6914	1184.8931	3662.0	0.2745412	0.14292403	-18.98434	37.55306	37.552986	5628.387933731079	410.5293707066967
94	2929.5142	106.0166	3035.5308	2823.4976	4830.0	940000	3678.9912	3939.6492	9222.422	423.50336	4516.6665	0.26965573	0.13547032	-18.99923	37.58063	37.580563	5692.972784519196	409.8132890297166
95	1935.4788	898.85516	2834.334	1036.6237	2839.5	950000	2522.3738	1068.8208	3759.123	1151.4001	3691.0	0.26915458	0.13656716	-19.046406	37.660763	37.660656	5736.185930967331	407.5711055536019
96	2247.4814	2890.7585	7942.4316	210.45784	3095.0	960000	6243.752	96.58415	6363.752	6127.2476	10000.0	0.2567733	0.13526145	-19.229523	38.05477	38.054718	5846.017325878143	410.0331595786744
97	2862.771	1485.7534	4348.5244	1377.0176	4880.5	970000	2797.4094	2212.8384	5691.479	319.23355	4023.0	0.24948591	0.1284503	-19.279198	38.151966	38.15197	5912.363617897034	409.39562502202295
98	2270.6694	0.0	2270.6694	2270.6694	3840.0	980000	2278.5767	2556.838	5868.6084	109.54874	3537.6667	0.2396664	0.12242687	-19.370232	38.31834	38.318386	5949.145653009415	406.72730478340264
99	2823.0996	2082.75	5217.8384	140.57312	4214.0	990000	4435.605	1302.422	6183.4976	3058.5603	6151.3335	0.23797655	0.12739904	-19.464664	38.556515	38.55652	6034.186825752258	407.3584034761997
100	3616.4185	2851.677	6468.0957	764.74146	5309.0	1000000	4770.3853	2966.5876	6976.783	576.90814	7081.6665	0.22440168	0.12740253	-19.556982	38.766895	38.766953	6110.081768274307	407.3387844880422
101	5213.2397	2652.0244	7865.264	2561.215	6224.0	1010000	7517.1343	1946.0624	8922.168	4765.191	8892.0	0.21458825	0.12434478	-19.813902	39.301773	39.301804	6198.580559968948	408.1243635391245
102	8908.873	0.0	8908.873	8908.873	10000.0	1020000	2876.362	2639.5383	6598.2466	767.57983	3608.0	0.2245571	0.123601064	-20.229694	40.11566	40.115696	6264.9922704696655	407.42923581249573
103	897.74036	452.5199	1531.781	297.76813	1400.0	1030000	4615.234	2974.2832	8068.868	809.0299	5831.0	0.22034045	0.12039507	-20.298359	40.256874	40.25688	6314.601467132568	405.6467284601483
104	8479.985	0.0	8479.985	8479.985	10000.0	1040000	3356.0195	3788.7085	8706.695	437.4358	4397.3335	0.21460722	0.116170935	-20.643534	40.945137	40.945118	6382.419426441193	405.0381558482464
105	4344.457	3872.1785	8216.636	472.2788	5516.0	1050000	1454.0044	1906.7913	4147.7925	0.2970971	2343.6667	0.21924523	0.11235415	-20.997051	41.615482	41.615437	6449.046675205231	404.3449899084984
106	4508.8203	2126.006	6634.8267	2382.8145	6715.0	1060000	3981.711	2793.4636	7876.4585	1461.3062	5368.3335	0.22288145	0.11262605	-21.166153	41.955425	41.955402	6535.647400140762	404.8813011593789
107	3169.7485	1943.3193	5113.068	1226.4291	4442.5	1070000	599.0913	444.06708	1209.895	167.26761	1064.3334	0.22524282	0.118436314	-21.254171	42.161358	42.16137	6588.803423404694	403.3332936173287
108	830.56226	751.25134	2049.1914	107.90781	1403.8334	1080000	2991.2278	3301.9426	7646.0747	342.0286	4050.3333	0.22565892	0.11657582	-21.251347	42.15461	42.154682	6647.934639215469	402.1590089812691
109	7469.014	0.0	7469.014	7469.014	10000.0	1090000	5740.3906	3432.2483	8237.948	887.14905	7208.6665	0.22477375	0.112038344	-21.42079	42.50242	42.50247	6722.459078073502	401.9084860948977
110	2653.4197	1220.9927	4265.1943	1310.9956	3925.0	1100000	4157.9653	3266.2239	8390.227	439.243	5434.0	0.22816369	0.111981615	-21.52534	42.715164	42.71521	6801.375716209412	401.89947408329357
111	1436.5535	1583.3882	4163.661	282.56503	2047.75	1110000	5025.7227	2374.6187	7804.61	2003.3186	6616.0	0.2305655	0.11341259	-21.703054	43.068344	43.068348	6864.553119659424	400.9476220985791
112	3901.0645	1880.8672	5781.9316	2020.1974	6046.5	1120000	5827.2046	3450.109	8408.702	950.8203	7265.3335	0.23275939	0.1128991	-21.877731	43.417896	43.417908	6963.796509027481	402.0763460156464
113	2675.2397	1875.4614	4550.701	799.77826	3813.5	1130000	3199.721	1228.8969	4560.755	1583.2708	4398.3335	0.23627745	0.11254942	-22.091562	43.82443	43.824432	7043.995127439499	402.0687483702086
114	6075.084	0.0	6075.084	6075.084	8505.0	1140000	5128.7456	3265.937	7885.4287	541.0363	7019.0	0.2425923	0.112324886	-22.323107	44.280437	44.280437	7149.581670999527	403.47054453767527
115	3387.6877	3024.1172	7354.4175	19.86663	4648.3335	1150000	3559.8174	2508.8098	6964.767	993.67145	5027.6665	0.23883063	0.10894333	-22.584925	44.805473	44.80548	7282.490492343903	406.3418607381807
116	543.2071	528.61914	1266.9249	19.077654	1437.0	1160000	797.76074	521.8017	1387.5245	118.75712	1400.3334	0.22955084	0.11012763	-22.66347	44.981514	44.981506	7333.555733203888	404.6099714344945
117	7878.0176	0.0	7878.0176	7878.0176	10000.0	1170000	6609.2837	1636.2732	8839.54	4959.7837	8999.667	0.22714554	0.114597306	-22.9094	45.49528	45.495277	7453.185653448105	406.6339180776876
118	5817.388	2944.7974	8762.186	2872.5908	7246.0	1180000	4658.115	3338.38	7737.417	19.17443	6691.3335	0.22533931	0.113448925	-23.24153	46.13624	46.13627	7595.736736774445	409.82647357364164
119	5502.8867	0.0	5502.8867	5502.8867	8833.0	1190000	2869.6152	2640.913	6595.3677	781.549	4100.0	0.22247323	0.114101365	-23.38733	46.435932	46.43594	7690.2851276397705	410.363954239132
120	3878.1606	2819.8677	6698.0283	1058.293	5830.5	1200000	3907.0234	3210.903	8027.74	194.50989	5053.6665	0.20858851	0.10848476	-23.550682	46.785164	46.78511	7804.6704478263855	411.91316247383753
121	1890.4667	957.0733	2621.791	538.4692	2719.0	1210000	5372.6514	3785.912	8116.073	19.116682	6687.0	0.2084481	0.10859256	-23.685274	47.05041	47.050438	7903.2988340854645	412.58268013181106
122	3200.4082	3366.7642	7916.602	275.92963	4298.3335	1220000	3078.8098	2063.028	5753.9214	732.80963	4294.6665	0.2037605	0.1037558	-23.921228	47.550896	47.55091	8011.319104909897	413.6992652166085
123	3751.2944	1083.3287	4834.623	2667.9656	4989.5	1230000	2722.2097	1295.9022	4339.1973	1166.6835	3802.3333	0.19959344	0.09870998	-24.080654	47.86278	47.862774	8109.86305642128	414.28433222512245
124	1471.7031	939.6238	2367.136	173.69902	2400.0	1240000	5030.979	3425.9888	7490.984	186.09335	6851.6665	0.20410687	0.09749812	-24.17639	48.064262	48.064297	8202.974672079086	414.5589349923595
125	7076.3374	0.0	7076.3374	7076.3374	10000.0	1250000	5092.746	2441.0784	7422.427	1721.6111	6898.3335	0.20336848	0.09370983	-24.334438	48.38252	48.382526	8316.372011899948	415.81860053539276
126	1778.9382	1540.7244	3319.6626	238.2138	2321.5	1260000	3226.2568	2425.8672	6590.512	962.2463	4905.6665	0.19875199	0.08754392	-24.427366	48.581993	48.58196	8384.068311452866	414.7674005340647
127	2970.4082	2657.3	7446.419	489.29285	4203.75	1270000	8616.146	501.85666	9233.8125	8004.565	9939.333	0.19719106	0.088678665	-24.678823	49.06883	49.068855	8552.401540279388	418.6411777007298
128	2256.896	1715.9614	4655.347	737.7342	3486.6667	1280000	5694.4395	1200.9854	7392.375	4809.2837	7877.0	0.19773698	0.09007521	-24.916273	49.546936	49.54695	8674.803764820099	420.18580731227996
129	8679.723	0.0	8679.723	8679.723	10000.0	1290000	4851.5264	2778.0864	8758.992	2543.633	6081.6665	0.18953769	0.087272204	-25.172781	50.057392	50.05738	8784.494268417358	421.0655520853454
130	2484.1267	1788.4868	5012.108	1149.3512	3562.3333	1300000	3850.282	3327.1252	8520.703	1020.0775	5052.3335	0.19745992	0.09091014	-25.331577	50.377556	50.377502	8894.979451179504	421.94133287270864
131	1507.8629	416.90018	1851.4509	921.1363	2297.6667	1310000	4274.2153	1232.408	5558.919	2611.8652	6412.0	0.2025035	0.09075934	-25.367983	50.449387	50.449413	8982.726880311966	421.7081702792918
132	5493.8496	0.0	5493.8496	5493.8496	10000.0	1320000	4426.064	2305.8933	7158.5933	1518.4758	6201.3335	0.19770828	0.08795295	-25.42907	50.583786	50.583775	9093.662531614304	422.5338145337924
133	2467.127	1899.3475	4366.4746	567.7795	3604.5	1330000	2273.2903	1943.29	4843.9443	146.31767	4825.0	0.19712023	0.08635985	-25.527758	50.78242	50.78244	9178.451110363007	422.1167364853665
134	4564.6064	3020.7397	7585.3457	1543.8668	6003.0	1340000	5079.909	2751.7815	7443.6006	1220.719	7270.6665	0.19596636	0.08742866	-25.63118	50.988327	50.988346	9306.9047935009	423.672531590177
135	3204.9258	2163.339	5006.5	162.68988	4472.6665	1350000	2179.1162	2095.994	5009.028	0.2986361	3337.3333	0.1959114	0.08495535	-25.649704	51.021812	51.021847	9428.137704133987	424.84818043046533
136	7478.1797	0.0	7478.1797	7478.1797	10000.0	1360000	1254.901	574.28015	1721.7595	445.94684	2086.0	0.19068553	0.08340669	-25.684278	51.10023	51.10024	9519.20724773407	424.63130364476467
137	6267.299	0.0	6267.299	6267.299	10000.0	1370000	2790.716	2050.9412	5682.9814	1155.7982	3743.0	0.19219953	0.085511744	-25.682198	51.099155	51.099182	9620.290380477905	424.83764083707416
138	1799.4994	1255.1478	2734.2273	25.304577	2923.0	1380000	1599.1539	772.1988	2687.5508	977.62103	3271.0	0.1942345	0.086378604	-25.660461	51.048042	51.048027	9705.598176240921	424.3268767248029
139	1057.7852	233.112	1290.8971	824.6731	2433.0	1390000	3914.1309	3046.8105	8205.748	1435.0076	5075.6665	0.19614041	0.08602574	-25.605124	50.958893	50.958897	9778.935856103897	423.28487334643046
140	6524.1533	0.0	6524.1533	6524.1533	9260.0	1400000	2660.2844	3176.967	7140.7354	130.49655	3851.6667	0.18667896	0.08427673	-25.699387	51.136543	51.136635	9874.060397863388	423.1740170001984
141	4182.5522	2545.6335	7365.869	1134.7871	6045.6665	1410000	3330.7354	3495.06	8203.502	176.52562	4461.6665	0.18521468	0.086283565	-25.79469	51.331112	51.331135	10034.092073440552	425.7965784896914
142	2592.8413	777.9332	3370.7744	1814.908	3683.0	1420000	1619.6732	2261.4387	4817.8013	8.704308	2707.0	0.1875339	0.087842725	-25.761602	51.267868	51.267887	10112.003066778183	424.89402553581857
143	3538.1606	2381.5647	5919.725	1156.596	5060.0	1430000	1179.8531	1398.9777	3154.2053	82.41218	1708.3334	0.18342495	0.086143166	-25.719254	51.181988	51.181988	10204.594732522964	424.5967737960648
144	1201.4148	1455.9224	4071.5674	175.66656	2076.6	1440000	507.92612	502.69766	1218.2952	128.46582	830.6667	0.18398662	0.08584078	-25.781918	51.306656	51.306618	10288.63558459282	423.92989210364993
145	6149.132	0.0	6149.132	6149.132	10000.0	1450000	2362.877	1189.8225	3839.7063	926.0729	3767.0	0.19040918	0.08580701	-25.63361	51.013832	51.013836	10389.56521654129	423.94202889245133
146	4106.171	648.9387	4755.1094	3457.232	6316.5	1460000	4122.763	2074.4878	6890.0723	1895.4558	6124.0	0.18945529	0.080603495	-25.504623	50.76015	50.760143	10516.396550416946	424.9776687604107
147	4975.739	0.0	4975.739	4975.739	6742.0	1470000	4002.5273	1918.9	5465.107	1291.6133	5531.3335	0.18335341	0.07882645	-25.388762	50.532436	50.53246	10600.398417711258	424.25630850694614
148	1399.3075	1525.177	3932.464	8.063527	2284.5	1480000	4907.57	3487.5796	8598.269	228.6934	6822.6665	0.18713902	0.080828704	-25.33229	50.42161	50.4216	10707.321930408478	424.4343827797486
149	1505.0189	2325.682	6124.3687	126.84802	2561.0	1490000	2402.3167	2532.3293	5922.5767	72.21749	4124.3335	0.1839308	0.08209002	-25.178154	50.119816	50.119843	10829.955314874649	425.202943533139
150	3429.3003	0.0	3429.3003	3429.3003	4946.0	1500000	1951.6704	2096.0217	4867.2993	30.939985	2793.0	0.18152373	0.08338207	-25.16595	50.098186	50.0982	10887.129118204117	423.38835456901126
151	7560.9775	0.0	7560.9775	7560.9775	10000.0	1510000	6114.301	2522.7856	8882.749	2781.1172	7685.0	0.18479165	0.08754524	-25.289303	50.354515	50.354507	10995.76386666298	423.5675043192657
152	2849.6882	2434.9326	5974.941	34.887066	3930.6667	1520000	1166.9174	691.6657	2081.649	409.46518	1805.6666	0.18362767	0.08650639	-25.477278	50.72794	50.72791	11101.626877307892	423.61470975562145
153	8758.739	0.0	8758.739	8758.739	10000.0	1530000	2377.8955	1661.196	3631.3118	30.411583	3264.0	0.17997555	0.081957504	-25.763496	51.28884	51.28883	11200.300425052643	423.36647571673325
154	2171.5703	2171.2717	4342.842	0.29869747	3721.5	1540000	1477.4625	790.09546	2445.1604	509.82965	2292.6667	0.18244708	0.0841855	-25.910196	51.58895	51.5889	11273.992707014084	422.16466192796634
155	6012.544	2461.8318	8474.376	3550.7122	7512.5	1550000	3337.953	3278.36	7793.6265	0.29843056	4602.0	0.18819292	0.08306546	-26.143389	52.053745	52.05372	11413.471119880676	423.4029608457319
156	3976.5752	3927.954	7904.5293	48.620857	5070.0	1560000	3884.7334	3258.6545	8126.5425	203.84908	5159.0	0.18657549	0.08195983	-26.250229	52.260933	52.260933	11519.052536010742	423.3497940147025
157	7914.5073	0.0	7914.5073	7914.5073	10000.0	1570000	1302.9971	457.13318	1947.4877	936.81903	2206.0	0.17852502	0.07678875	-26.346212	52.470123	52.47014	11615.936893939972	422.95821171720564
158	1004.4991	1235.3126	3112.5981	8.069318	1472.5714	1580000	1248.7343	1353.7793	3158.5981	178.0743	2089.3333	0.18430105	0.077978715	-26.392431	52.552254	52.552284	11708.968384981155	422.4121505630167
159	1406.303	778.4782	2684.264	639.28326	2197.0	1590000	1724.5057	1391.874	3692.3862	701.1362	2730.6667	0.18628272	0.08038106	-26.384428	52.533085	52.53311	11810.33246088028	422.15129651505987
160	2320.138	1159.2703	3775.2532	938.4847	3204.3333	1600000	2486.824	1685.8972	4742.331	689.82495	3943.6667	0.18726704	0.077101424	-26.319826	52.39115	52.39115	11908.839775323868	421.771408684055
161	1587.3738	1151.9708	3347.1873	166.21506	2750.5	1610000	816.5296	436.40762	1424.4081	420.17685	1422.6666	0.18908279	0.079867795	-26.299849	52.344723	52.344723	12002.203560829163	421.19534231024494
162	578.285	314.60526	1019.03625	218.60368	1093.8	1620000	3107.302	1066.9725	4407.8755	1794.4241	4413.3335	0.1976175	0.08184108	-26.160421	52.067917	52.06795	12075.969019174576	419.9256716046804
163	2643.6997	1312.299	4052.115	892.8463	3757.0	1630000	2449.346	2999.9226	6682.0186	82.68037	3737.6667	0.19947833	0.084134825	-26.090652	51.92382	51.923786	12183.077459573746	419.80542981134596
164	6529.3257	0.0	6529.3257	6529.3257	9350.0	1640000	240.46022	101.13402	383.4396	165.83907	564.3333	0.19650628	0.085202254	-26.036457	51.834587	51.834587	12259.983695030212	418.633589553833
165	1684.2601	2680.0547	7037.928	207.8998	2673.4	1650000	2706.1404	3063.9082	7039.1543	533.0843	4170.0	0.19430423	0.08301039	-25.928074	51.6215	51.621456	12387.549822568893	419.1746656728513
166	1163.9193	176.5286	1340.4479	987.3907	1879.5	1660000	741.4439	225.92882	1056.0676	535.917	1659.3334	0.19310367	0.08312972	-25.886618	51.524666	51.524628	12433.41293644905	416.9437671060065
167	2861.3792	2248.3584	5109.738	613.0207	5219.0	1670000	2267.412	1683.0204	4527.415	490.78326	3201.3333	0.18916032	0.083172314	-25.764502	51.306118	51.30612	12532.780771970749	416.5085825098489
168	1804.7699	1777.8622	3582.632	26.907764	4227.5	1680000	2514.916	1072.3425	3918.0815	1315.1134	4108.6665	0.18941799	0.08609399	-25.511515	50.79743	50.797405	12620.774909496307	415.68425292438934
169	3241.245	3240.9465	6482.1914	0.29868636	5000.5	1690000	1576.8633	676.1266	2497.4294	892.6623	2562.3333	0.17803106	0.07913586	-25.580591	50.929615	50.92962	12718.101735591888	415.1569698465646
170	4224.6777	2692.848	6818.1055	512.85645	6021.0	1700000	3043.1384	2432.527	6385.223	665.9562	4789.6665	0.17739405	0.079274856	-25.613997	51.01112	51.011143	12876.120173692703	416.5803585297921
171	899.7624	446.89	1671.2793	522.225	1561.8	1710000	170.44691	224.60979	488.07587	8.766656	295.0	0.17533821	0.08218285	-25.69376	51.15973	51.159775	12946.79755616188	415.15559411924943
172	4520.687	0.0	4520.687	4520.687	6252.0	1720000	3961.468	3265.9573	8006.8247	8.496252	5069.3335	0.1717394	0.081233956	-25.74367	51.265945	51.26593	13025.674230575562	413.994297212963
173	2529.4014	1816.9979	4544.366	140.91953	3904.3333	1730000	1232.0765	287.6876	1636.4048	990.73047	1981.0	0.1701058	0.08409181	-25.768585	51.323307	51.323338	13129.402899503708	413.61413754796706
174	2000.6179	1201.4685	3739.543	346.2274	2938.75	1740000	5854.9062	4100.8022	8842.499	56.39287	6722.0	0.17616601	0.08235625	-25.83615	51.44833	51.44834	13252.529180526733	413.82418701753767
175	8166.2803	0.0	8166.2803	8166.2803	10000.0	1750000	279.823	91.993034	392.4655	167.12953	633.3333	0.17281702	0.08087517	-25.932362	51.647438	51.64744	13338.38116645813	412.8546551153774
176	8526.77	0.0	8526.77	8526.77	10000.0	1760000	5999.771	3179.3914	8460.335	1510.3461	7370.3335	0.16242002	0.074694425	-26.181126	52.137234	52.137268	13451.142466306686	412.70550745237955
177	8593.794	0.0	8593.794	8593.794	10000.0	1770000	3680.378	2994.716	7797.259	761.1492	4954.6665	0.1581949	0.07429202	-26.491209	52.759605	52.759632	13559.687048196793	412.4085608458115
178	4365.593	3767.5715	8133.1646	598.02124	5499.5	1780000	3595.0378	1051.7174	4877.686	2301.5828	4781.3335	0.16234118	0.07544229	-26.720434	53.224964	53.22498	13668.628424406052	412.10658730603336
179	2230.429	0.0	2230.429	2230.429	3162.0	1790000	4291.0493	3133.669	8499.4	983.89545	5246.6665	0.16840115	0.08273356	-26.819365	53.396652	53.39668	13722.980210781097	410.1561124095037
180	2780.8223	3207.3875	8883.082	91.85634	3496.0	1800000	1517.0098	805.3953	2344.0796	425.27203	2435.0	0.16836713	0.08058808	-27.00262	53.78253	53.782547	13871.467200994492	411.00643554263644
181	1143.808	368.1006	1511.9086	775.7074	1842.0	1810000	2018.8907	2513.821	5572.976	169.02611	3211.0	0.16847877	0.0792911	-26.995485	53.75707	53.757065	13924.817634105682	409.0254903152283
182	8520.397	0.0	8520.397	8520.397	10000.0	1820000	1043.0358	824.10223	2035.9575	18.089685	1846.6666	0.16971977	0.0767167	-27.036829	53.838818	53.838825	14017.591064453125	408.20457492608296
183	3787.715	2445.3442	6326.3477	484.66568	5672.0	1830000	2890.0273	2046.6881	4587.7837	10.972712	3953.3333	0.16958602	0.07642693	-26.927715	53.6348	53.63481	14164.131698846817	408.92802806525935
184	3151.03	0.0	3151.03	3151.03	4309.0	1840000	1939.3481	1097.6119	3056.874	447.59015	2732.3333	0.17117462	0.074539185	-26.930954	53.61618	53.616188	14218.83188533783	406.98830393025844
185	5033.051	0.0	5033.051	5033.051	7380.0	1850000	5352.564	3025.6042	7662.9443	1078.3948	7452.3335	0.179208	0.07981815	-26.918098	53.608334	53.608307	14315.15348815918	406.2408421977146
186	4043.0886	2774.3298	7751.403	1079.128	5278.0	1860000	3178.7234	3200.5227	7561.431	8.12415	4470.0	0.18261635	0.08649262	-27.007294	53.78569	53.785683	14458.74337887764	406.8141057879267
187	2162.3171	1444.1857	3396.8752	135.99289	2978.3333	1870000	60.972885	62.285072	149.0156	14.604881	244.0	0.18412554	0.086032085	-27.061333	53.90568	53.90567	14535.094720363617	405.47991507801356
188	4054.291	3763.5	7817.791	290.79108	5423.0	1880000	4873.635	2659.1375	8340.533	1878.4492	6919.3335	0.1745979	0.07925456	-27.172512	54.118973	54.118996	14652.811850070953	405.2905405009047
189	1474.7799	1447.2217	2922.0015	27.558239	2362.5	1890000	3154.5264	3573.9558	8155.312	18.641304	3946.3333	0.16764171	0.077968575	-27.198484	54.163593	54.16362	14716.380524158478	403.59738471274653
190	4651.1	2533.387	7795.252	1591.4741	5956.3335	1900000	3325.2578	2683.7407	7109.648	1183.083	4817.3335	0.1671575	0.07769169	-27.322393	54.423893	54.423904	14873.283290624619	404.44893155474415
191	3875.5002	0.0	3875.5002	3875.5002	5809.0	1910000	265.99753	294.05444	680.05566	25.518068	555.3333	0.17403182	0.08259631	-27.289976	54.340816	54.340836	14932.41816496849	402.6280290297189
192	3495.4067	2329.752	5825.1587	1165.6548	4271.5	1920000	5293.165	1856.6642	7918.3604	3935.1257	7264.3335	0.17214334	0.08177842	-27.248152	54.269882	54.26987	15034.041439533234	401.95180234453744
193	2062.3706	1330.755	3493.4055	288.33176	3402.0	1930000	5602.983	1916.8936	7330.218	2929.8862	8231.333	0.17652237	0.0816792	-27.128809	54.019547	54.019543	15152.701315164566	401.7166928597888
194	5230.041	801.3718	6031.413	4428.6694	7118.5	1940000	2856.249	1536.2777	4474.04	791.45215	4418.0	0.18568622	0.08392218	-26.972368	53.69176	53.691715	15277.665291547775	401.6293452619277
195	3803.2012	1380.0548	5183.256	2423.1462	5639.5	1950000	2852.116	2882.588	6928.4727	775.76526	4446.6665	0.18220754	0.08242138	-26.819105	53.410152	53.410175	15389.711678504944	401.1847915880701
196	7833.772	0.0	7833.772	7833.772	10000.0	1960000	2219.5	1366.0398	3240.9294	288.71198	3060.3333	0.17865811	0.07835604	-26.79529	53.353333	53.353344	15490.893648147583	400.44486978524395
197	8561.048	0.0	8561.048	8561.048	10000.0	1970000	5029.812	2299.699	7675.9155	2069.224	6692.3335	0.17694558	0.076256834	-26.902628	53.567913	53.567936	15596.305296897888	399.80376518837693
198	2119.487	1370.8749	3836.3896	481.20825	3088.0	1980000	1643.0692	1793.573	4154.0015	76.52255	2596.6667	0.17831537	0.076853156	-26.90074	53.56406	53.564083	15682.99189376831	398.6753831217185
199	2767.7522	414.27954	3182.0317	2353.4727	3808.5	1990000	4410.2466	2292.472	6400.279	1198.7079	6162.0	0.18340982	0.07818277	-26.908985	53.58025	53.58027	15773.949553012848	397.6514920577731
200	2910.3381	2881.3997	6846.852	30.166546	4065.3333	2000000	265.67593	268.69843	642.08215	32.339096	514.0	0.18450223	0.08012114	-26.889078	53.549103	53.549095	15876.483032941818	396.9120757997036
201	5062.035	0.0	5062.035	5062.035	6755.0	2010000	2615.3052	1755.4906	5066.7085	1049.6224	3660.0	0.19076268	0.08270811	-26.8273	53.42571	53.425735	15949.758582115173	395.4376298314501
202	3358.0413	3279.3145	7807.2964	0.29798177	4425.6665	2020000	1320.2343	971.7558	2361.675	22.973518	1947.0	0.18359095	0.07715575	-26.749245	53.25955	53.25955	16066.80939078331	395.0420130444045
203	695.47577	817.2511	2165.5935	14.499549	1286.6666	2030000	2638.4485	3443.4607	7505.163	55.266205	3794.3333	0.18694508	0.08102553	-26.638216	53.036003	53.03601	16147.949840068817	393.75542710561473
204	1682.4177	1244.0417	3162.1218	0.29898372	2710.5	2040000	2545.019	3449.5344	7423.337	84.84712	3505.3333	0.18340486	0.07974481	-26.476696	52.72405	52.724075	16248.44351363182	392.93621566030714
205	1957.3663	1038.6819	2996.0483	918.6844	2816.0	2050000	736.1595	514.0046	1235.6722	29.05607	1307.6666	0.18553875	0.08476088	-26.383686	52.52844	52.528477	16310.161793708801	391.178677143314
206	6143.6123	0.0	6143.6123	6143.6123	9190.0	2060000	4121.149	2344.6726	6927.769	1188.6571	6344.6665	0.17816958	0.07597245	-26.340002	52.435596	52.435596	16411.422437906265	390.36878611601674
207	3055.682	2799.4153	6952.242	501.0159	4658.0	2070000	1302.6053	914.6427	2040.0511	13.563374	2409.0	0.17430043	0.07542011	-26.290186	52.343407	52.34343	16530.454273700714	389.9696539383964
208	2239.781	2896.0488	6335.364	174.72089	3596.0	2080000	2097.3623	1785.2725	4598.204	546.70905	3186.3333	0.17336127	0.07531605	-26.220604	52.217613	52.217613	16633.59846019745	389.18355368826633
209	2753.7312	528.1316	3281.8628	2225.5996	3935.0	2090000	3884.287	1184.6407	5045.884	2257.984	5593.6665	0.18000875	0.08016814	-26.220345	52.217155	52.21714	16727.55253314972	388.17526210523675
210	6256.6934	2232.095	8488.788	4024.5981	7593.0	2100000	1150.8538	880.1574	2294.3984	153.35283	1737.3334	0.17587726	0.075766325	-26.366917	52.507786	52.507763	16853.316222429276	387.8937860498353
211	2056.8435	535.5395	2592.383	1521.3041	3347.0	2110000	3312.5325	2575.23	6954.3555	1468.0205	5147.0	0.18309073	0.08047081	-26.376715	52.53034	52.530285	16937.819887161255	386.65323436919357
212	2772.05	2496.9546	6266.8916	586.75214	4350.6665	2120000	3422.8347	2351.2368	6721.8926	1413.2584	5548.3335	0.17782113	0.07817229	-26.331663	52.44174	52.441746	17062.51564526558	386.32110892241855
213	1019.11707	860.22186	2427.4739	133.7205	1734.0	2130000	6162.1235	3659.4136	8765.254	986.9625	7137.3335	0.17557977	0.07679705	-26.274796	52.328026	52.328064	17167.591143846512	385.53197637012875
214	3692.0317	792.76074	4484.7925	2899.271	5105.5	2140000	796.2342	1074.488	2315.2068	0.2988	1120.3334	0.18035063	0.08001524	-26.260767	52.29636	52.29635	17248.59149670601	384.197598731852
215	744.2752	596.80743	1341.0826	147.46776	1304.0	2150000	3593.5117	2903.6895	7348.3096	276.23807	5079.0	0.18582603	0.09121962	-26.23385	52.226192	52.226143	17298.8393907547	382.18366093219714
216	3204.9746	3215.2983	7604.6274	10.409232	4344.3335	2160000	4965.426	3288.6387	7317.5947	314.69153	6727.6665	0.17928044	0.087475404	-26.261993	52.302002	52.302002	17432.82820749283	382.0156798346543
217	1835.236	2058.0874	5425.9614	14.478087	2747.4	2170000	5699.6836	3106.3	7929.852	1306.8854	7430.3335	0.1686766	0.07716588	-26.26957	52.330364	52.330368	17576.510657787323	382.0393637339824
218	8086.7744	0.0	8086.7744	8086.7744	10000.0	2180000	3095.1855	2980.4658	7304.944	808.0504	4396.6665	0.1666858	0.075700566	-26.277388	52.34057	52.340565	17674.03383421898	381.04568355094403
219	4101.5845	0.0	4101.5845	4101.5845	5983.0	2190000	3766.7766	3237.3442	8030.029	189.77571	4775.0	0.1688693	0.07702087	-26.367231	52.506184	52.506184	17749.55867600441	379.5757981447687
220	3053.832	3675.1746	8224.234	9.752098	3898.3333	2200000	1622.3451	675.6179	2395.7617	749.7773	2377.6667	0.16535504	0.07306559	-26.529026	52.841038	52.841038	17849.799825429916	378.6321174838326
221	8233.1455	0.0	8233.1455	8233.1455	10000.0	2210000	2893.6045	2084.7625	5655.7515	619.63666	4092.6667	0.1673904	0.072411045	-26.624716	53.03442	53.0344	17949.821034908295	377.6772298999502
222	4053.7556	3940.18	7993.9355	113.5758	5232.5	2220000	1174.1056	968.39136	2420.2397	59.068012	1982.3334	0.16955605	0.07278468	-26.648712	53.071964	53.07198	18039.548260450363	376.5010822878228
223	4667.932	0.0	4667.932	4667.932	7675.0	2230000	2169.0803	633.62213	2846.044	1322.1641	3232.0	0.17197043	0.07686763	-26.601446	52.996143	52.996155	18126.152614593506	375.2574195798381
224	3571.8044	3665.0024	8615.911	17.226986	4420.0	2240000	782.2622	129.39183	895.80804	601.2159	1259.6666	0.16632487	0.074180245	-26.670631	53.130165	53.13017	18227.922818899155	374.3234150113804
225	8402.773	0.0	8402.773	8402.773	10000.0	2250000	3457.3145	2359.0518	6243.0767	474.67377	5168.3335	0.16406813	0.070948325	-26.724777	53.22341	53.22343	18339.70445895195	373.5865722877008
226	3931.4746	3587.3506	7518.825	344.12402	5340.5	2260000	2246.1233	1490.7068	4132.2783	487.49426	3452.0	0.16666631	0.074009895	-26.775715	53.330044	53.330067	18438.287751197815	372.5730710595055
227	4533.086	3335.2239	7868.31	1197.8622	6104.5	2270000	2956.0774	3027.5735	7181.2876	243.46948	4450.6665	0.17019787	0.074326746	-26.801447	53.378593	53.378635	18558.62817311287	371.9901241460561
228	1480.7474	1298.6678	3245.4666	9.651204	2200.25	2280000	871.377	929.3202	2162.9429	15.006033	1484.6666	0.1806135	0.07477209	-26.770098	53.28907	53.289127	18635.049016475677	370.5214424091473
229	4569.581	4288.7334	8858.314	280.8479	5320.0	2290000	3276.081	3509.8853	8234.376	595.8695	4310.0	0.17363414	0.07482331	-26.807358	53.372074	53.37211	18740.540133476257	369.62782939221313
230	412.2655	0.0	412.2655	412.2655	777.0	2300000	3022.9521	3196.0825	7517.985	365.03897	4166.0	0.18471281	0.08026979	-26.746346	53.31248	53.312504	18772.69466996193	367.29185221972676
231	2201.038	2691.682	8003.6206	96.60464	2920.3333	2310000	2930.7747	3562.6682	7953.7256	78.15305	3773.0	0.17212339	0.0746438	-26.82196	53.41265	53.41267	18923.56184363365	367.2754787648567
232	1023.44727	1107.7017	3313.2542	27.420753	1695.6666	2320000	517.6113	228.88712	797.352	236.69902	883.3333	0.17734693	0.07925671	-26.701876	53.173553	53.17356	19004.43790435791	365.8900400942769
233	2520.61	1857.5287	4921.786	397.31705	3644.0	2330000	875.44745	203.9007	1150.0289	661.88745	1309.6666	0.17824425	0.0808706	-26.629047	53.024635	53.02465	19101.430216550827	364.81272300174817
234	743.5373	1096.2972	3443.601	8.398965	1080.9	2340000	1669.1364	1617.0587	3861.0703	8.468461	2128.3333	0.17808586	0.07732594	-26.518637	52.793842	52.793854	19200.389907836914	363.76807088087764
235	1675.4165	903.43054	2937.239	685.5756	2607.25	2350000	2170.849	2386.12	5537.4355	287.74112	2965.6667	0.18171138	0.08110391	-26.406115	52.58305	52.5831	19291.485888004303	362.57047942851455
236	2712.1204	1802.1233	4514.2437	909.99695	3800.0	2360000	3667.4563	2468.5166	7151.3677	1732.8021	4840.3335	0.18484375	0.0877346	-26.309322	52.388832	52.388912	19382.6701464653	361.3718162678056
237	4372.1606	3573.3474	7945.5083	798.8134	5730.5	2370000	1579.2736	2205.9329	4698.855	0.29876542	2095.0	0.1922584	0.08327055	-26.341059	52.437855	52.437878	19481.78910923004	360.3171965788521
238	1384.4944	142.73572	1527.2301	1241.7587	1919.0	2380000	4034.3699	2856.855	8074.51	1994.7969	5390.6665	0.19546573	0.08864843	-26.346016	52.461613	52.46161	19542.018510341644	358.54403706825747
239	2500.2214	2738.2576	7603.6323	21.80632	3427.2	2390000	1221.3739	809.00665	2068.08	131.64685	2043.6666	0.18401697	0.080456235	-26.454895	52.675083	52.675076	19676.415377140045	358.12722545313534
240	798.3365	1311.6434	3702.123	12.533085	1395.3334	2400000	3398.6155	3658.3389	8482.4795	25.474245	4125.0	0.1822265	0.080786884	-26.38388	52.553566	52.553524	19767.958997011185	356.92148187326063
241	7920.8687	0.0	7920.8687	7920.8687	10000.0	2410000	1843.0885	278.9837	2195.158	1512.8358	2853.6667	0.17639959	0.07730237	-26.436663	52.673286	52.673264	19860.743774175644	355.7353137803935
242	1000.30945	1040.3243	2914.553	31.529577	1525.7142	2420000	176.42082	67.30621	270.80457	118.553246	570.0	0.18282466	0.082207985	-26.445044	52.67555	52.675537	19948.782355308533	354.46183522200784
243	1649.0803	1444.554	3093.6343	204.52638	2742.5	2430000	1027.999	1161.7684	2658.774	39.43869	1496.6666	0.18157706	0.080137946	-26.38456	52.54779	52.54779	20011.004780054092	352.73170288374394
244	2005.6699	2427.1304	5423.2397	20.11118	2982.0	2440000	1219.7861	1382.519	3156.3086	18.182262	1906.3334	0.18297167	0.08107812	-26.354515	52.484455	52.48447	20092.62526154518	351.34645264422306
245	2263.6133	3583.76	8466.482	80.440735	2936.75	2450000	5206.5786	2797.2673	7780.4478	1318.0184	6837.3335	0.17814206	0.0807265	-26.47474	52.734825	52.73484	20221.66113448143	350.78391762242023
246	1744.5632	2389.2996	5853.208	7.4935913	2563.25	2460000	2112.1482	1714.501	4278.141	85.421745	2976.3333	0.17991985	0.081489235	-26.451548	52.697105	52.69715	20315.051571130753	349.59506089189836
247	2755.4656	3890.8406	8257.943	0.2980157	3343.3333	2470000	5857.4	1144.0991	6965.385	4282.27	8857.333	0.17931585	0.08432562	-26.39585	52.5781	52.578102	20432.229543447495	348.80931674700514
248	5347.867	2224.855	7572.722	3123.012	7153.0	2480000	3737.7122	3061.7173	8066.478	1486.6637	4910.0	0.1806756	0.08091372	-26.408989	52.601383	52.601437	20565.57652449608	348.2879895075675
249	3443.3203	2917.5784	6360.899	525.7419	4709.0	2490000	3825.9375	846.1585	4525.8857	2635.4097	5324.0	0.1798823	0.08072112	-26.454407	52.688343	52.68837	20666.772221565247	347.2128398509709
250	2237.9036	2213.4124	5327.754	258.91534	3563.0	2500000	1345.629	917.12024	2464.9604	218.52432	2018.6666	0.18972379	0.08560835	-26.290726	52.370388	52.370403	20766.711675167084	346.1118612329165
251	1699.8691	977.4416	2758.358	400.69662	2637.3333	2510000	3729.0332	2764.611	7638.602	1741.6201	5178.0	0.18564497	0.0827737	-26.170105	52.141068	52.141106	20849.947568655014	344.7302087847455
252	1631.8738	0.0	1631.8738	1631.8738	2484.0	2520000	5885.431	3618.9202	8516.221	768.1837	7091.6665	0.18718304	0.082258634	-26.129772	52.046597	52.046585	20915.610593557358	343.0602795573139
253	2681.6968	2875.8926	8317.814	598.3295	3862.4	2530000	2612.0703	1801.2496	4980.79	616.15283	3651.3333	0.18879296	0.083490014	-26.124147	52.030487	52.03048	21065.32895565033	342.7625989295905
254	1688.7892	2434.592	5905.0483	223.4639	2553.25	2540000	3240.6592	2777.443	6865.3	117.70133	4748.6665	0.19179048	0.08797682	-26.042912	51.875626	51.87564	21175.097868919373	341.80276086086366
255	7390.0347	0.0	7390.0347	7390.0347	10000.0	2550000	3356.6863	2771.0144	6960.7197	222.00679	5052.3335	0.19125585	0.08636848	-26.004904	51.774155	51.774155	21266.84480881691	340.54751489715636
256	1575.0797	1363.4689	3926.7603	633.8365	2219.25	2560000	1944.0059	2695.144	5755.4546	19.674381	3440.6667	0.20102789	0.08753643	-25.992498	51.744324	51.744312	21363.39813017845	339.3664806948354
257	2789.0984	2451.314	5982.648	24.273344	3679.0	2570000	3475.587	3427.6255	8322.981	1051.4005	4477.3335	0.19837655	0.084858045	-26.044353	51.84757	51.847523	21467.19168496132	338.2962113627664
258	747.6006	525.0562	1216.9895	0.29814443	1255.5	2580000	1208.6787	999.5076	2485.661	45.29647	2144.0	0.20218778	0.090219475	-26.044474	51.84622	51.846203	21539.294481515884	336.72540467028773
259	3518.576	1390.2283	4908.804	2128.3477	4486.5	2590000	4350.678	2834.9238	7834.5337	890.5383	5749.6665	0.20107809	0.09050134	-26.048244	51.87926	51.87929	21638.218444108963	335.5734005663079
260	3357.0322	3704.5325	8584.84	446.716	4245.0	2600000	2949.0215	4148.8774	8816.408	4.8166914	3376.3333	0.1961772	0.08645877	-26.134825	52.035603	52.035614	21751.08895277977	334.6321377167335
261	1317.659	1290.2147	3075.354	14.709886	1767.0	2610000	3830.6418	3830.177	9094.203	91.35372	4655.0	0.2062029	0.10683987	-26.111305	51.995113	51.99517	21823.49215054512	333.06606792071466
262	5426.39	3761.814	9188.204	1664.5762	6785.0	2620000	5888.793	3879.3967	8736.52	403.84412	6938.3335	0.19248855	0.09061629	-26.315134	52.40759	52.40762	21952.48873448372	332.35956224342647
263	1936.1035	3404.8286	8718.154	4.9070573	2390.8	2630000	988.3149	948.37115	2274.1455	15.109479	1445.0	0.18744154	0.08504804	-26.463531	52.702988	52.703003	22054.17818903923	331.23195376468703
264	3436.127	2433.9688	5870.0957	1002.1581	4789.0	2640000	1708.9369	1238.9379	2936.1743	12.328323	2308.0	0.18645003	0.085023284	-26.5128	52.80088	52.800877	22140.444776296616	329.87026306342597
265	663.39844	64.51309	727.91156	598.8854	1237.0	2650000	3362.2744	3865.9194	8818.1045	328.68225	4015.3333	0.19264536	0.08709968	-26.522928	52.823452	52.8234	22187.074550628662	327.92217101368516
266	7346.5605	0.0	7346.5605	7346.5605	10000.0	2660000	1734.3522	1503.3756	3736.6023	113.99107	2900.0	0.17391545	0.07913924	-26.64301	53.07553	53.07555	22281.31047987938	326.6808679206031
267	9118.162	0.0	9118.162	9118.162	10000.0	2670000	4024.344	3149.6782	8347.833	934.54193	5123.0	0.16175205	0.075084455	-26.943207	53.669586	53.669563	22379.98429775238	325.5016442598624
268	1978.2035	2399.5425	6587.281	211.49957	2932.0	2680000	3357.9014	1893.7714	5832.9917	1234.3534	5473.3335	0.1695936	0.079209976	-27.22577	54.245224	54.24522	22519.970004320145	324.91499009488234
269	2096.1965	2135.6213	5114.848	502.46436	3189.3333	2690000	5600.5737	3948.5464	9018.556	67.37308	6817.3335	0.17974545	0.07832354	-27.329725	54.43143	54.431416	22620.548804044724	323.7513490405224
270	2678.3079	3763.8433	8001.152	0.2994485	3072.3333	2700000	1282.4281	1167.7147	2932.806	406.97763	2160.0	0.17523193	0.075962916	-27.493704	54.750797	54.750793	22708.49128460884	322.4045058722849
271	5132.857	0.0	5132.857	5132.857	10000.0	2710000	1837.6603	1855.0863	4456.382	391.40375	3108.0	0.17333461	0.07281184	-27.481094	54.729576	54.729507	22800.630732774734	321.115894063827
272	1827.8376	2558.793	6909.5947	220.65123	2399.6	2720000	995.3816	848.6124	2080.034	8.23919	1549.3334	0.18044679	0.07618509	-27.50362	54.766254	54.76618	22898.42238664627	319.9044303850216
273	5743.308	0.0	5743.308	5743.308	6917.0	2730000	4454.857	2873.3875	8518.204	2385.241	6056.6665	0.18453571	0.079948	-27.490694	54.746048	54.745953	22984.381225824356	318.5259180703006
274	5839.9106	2941.7124	8781.623	2898.1982	7611.5	2740000	3082.7366	3693.8193	8279.635	25.336967	4034.6667	0.17958215	0.07734229	-27.638954	55.01828	55.018234	23122.56188583374	317.86490182049954
275	1245.9875	1594.4	4091.3574	18.162226	2095.6	2750000	1510.8883	1527.2953	3648.2554	172.58871	2198.3333	0.18408784	0.08051293	-27.544247	54.84306	54.843044	23212.062155008316	316.52812027931213
276	2034.0211	1838.3776	3872.3987	195.64351	2627.5	2760000	5450.3735	2737.5789	8826.958	2121.8022	6769.6665	0.19381666	0.08592489	-27.498648	54.761833	54.761818	23291.650319576263	315.05613957557125
277	5207.493	3038.119	8245.612	2169.3743	6752.0	2770000	2252.922	1378.0879	4166.1924	974.98065	3249.3333	0.18984298	0.08260646	-27.4878	54.720074	54.720036	23407.557564258575	314.0725232589546
278	7606.055	0.0	7606.055	7606.055	8763.0	2780000	1866.079	1012.7045	2818.9893	463.70413	2738.0	0.19529216	0.08463437	-27.41528	54.56196	54.561924	23497.03023672104	312.7302585304212
279	1345.0903	1215.1578	2758.2778	21.817287	2088.8333	2790000	3295.7578	2623.1443	6809.29	508.14417	4876.0	0.20722169	0.09112531	-27.278246	54.29455	54.29455	23610.875103235245	311.70868563314497
280	2019.6108	0.0	2019.6108	2019.6108	3031.0	2800000	1591.813	726.8047	2221.436	573.4045	2578.0	0.21777533	0.09683809	-27.127897	53.965935	53.965904	23656.69887137413	309.7901042586281
281	3038.136	3093.8096	7685.6636	11.40976	4087.75	2810000	2197.9148	1734.9203	4421.002	187.29665	2890.3333	0.2045352	0.09254578	-27.075935	53.905365	53.90534	23795.957344532013	309.0933960967641
282	1210.3236	1254.4977	2942.8003	13.116731	1757.0	2820000	2385.239	2760.589	6258.9966	27.908968	3361.3333	0.2165512	0.09987429	-26.949451	53.62058	53.620552	23858.209038496017	307.39300059883305
283	2337.7832	2326.817	4664.6	10.966219	2993.0	2830000	3799.571	3448.2002	8360.525	24.637444	4643.3335	0.21025936	0.09355235	-26.909275	53.564922	53.564907	23933.174943447113	305.8597740000634
284	4829.8345	3289.7722	7975.65	288.46185	6124.0	2840000	715.7136	578.0245	1415.919	0.298975	1184.0	0.19615033	0.082798816	-27.025108	53.793842	53.793873	24079.664262771606	305.2351807805854
285	2389.879	1869.4302	4259.309	520.44885	4804.5	2850000	1536.7711	711.375	2316.0195	596.09283	2262.0	0.21021567	0.090920895	-26.899076	53.55252	53.552536	24159.775099039078	303.76325415721413
286	4121.4307	0.0	4121.4307	4121.4307	6939.0	2860000	649.3623	849.9639	1851.3491	39.49375	1053.6666	0.20251754	0.08369903	-26.767605	53.264248	53.264313	24230.002541065216	302.16902934340607
287	2556.3567	1686.1218	4242.4785	870.23486	3714.0	2870000	3619.6965	2786.574	7148.2056	335.669	5014.0	0.19685882	0.08396317	-26.752617	53.245556	53.245552	24311.185497045517	300.71327007655896
288	4355.3726	2707.8777	7063.2505	1647.4949	5733.0	2880000	1077.7505	477.95477	1495.8728	408.75296	1776.0	0.19323502	0.08291591	-26.72543	53.203255	53.203247	24413.14905142784	299.51317121524505
289	2381.1084	3677.6194	8740.233	18.12108	2926.5	2890000	1359.3467	977.6437	2361.0488	33.19236	2074.0	0.19603558	0.082115166	-26.819796	53.381317	53.381306	24512.688208818436	298.2801160212894
290	4040.857	0.0	4040.857	4040.857	6016.0	2900000	1375.8656	1911.6708	4079.3164	8.525914	1925.6666	0.20449841	0.08722449	-26.741766	53.21953	53.21952	24574.551929950714	296.5894198327229
291	2951.0105	3715.7595	8196.215	52.40439	3848.0	2910000	2298.151	2807.009	6251.333	8.170153	3119.0	0.20396352	0.084468566	-26.817715	53.369495	53.369488	24679.31875348091	295.4168166797459
292	5995.9326	1627.4131	7623.3457	4368.5195	7724.5	2920000	96.59167	106.02582	246.39278	16.040222	301.33334	0.20768228	0.081761256	-26.805141	53.33888	53.338894	24804.486082792282	294.4824831577197
293	347.4435	338.94492	686.3884	8.49859	669.5	2930000	91.6789	35.39863	128.10641	43.72676	355.66666	0.2201523	0.08372973	-26.892824	53.438934	53.439007	24827.640947580338	292.3391169483345
294	2815.393	2951.2058	8089.4033	0.29830277	3898.2	2940000	2177.464	1149.7865	3801.8074	1300.9082	3726.0	0.21925148	0.08296335	-26.85385	53.424854	53.424816	24986.618736982346	291.7938469145574
295	1833.6406	1679.7134	4203.1997	503.7816	2618.3333	2950000	1269.8004	1578.2823	3501.8254	150.42992	2001.6666	0.22062232	0.084503405	-26.711367	53.126064	53.126057	25061.298924922943	290.25798188777964
296	2576.5535	2544.7805	5121.334	31.772999	4016.5	2960000	1630.2362	1518.1388	3655.4094	0.29811388	2610.0	0.22508627	0.09029339	-26.540863	52.80427	52.80429	25142.66621875763	288.80089573956826
297	1413.2906	2763.7847	7590.1104	8.61361	2022.0	2970000	350.91818	277.78357	679.67126	0.2981639	708.0	0.2242519	0.08695227	-26.453789	52.627163	52.62716	25242.64848423004	287.55654557267695
298	1232.9741	428.8663	1661.8405	804.10785	2496.0	2980000	4390.9473	3303.995	8518.549	430.63565	5407.0	0.23731907	0.09525469	-26.280468	52.278923	52.278885	25311.83536219597	285.96145094646437
299	2220.649	3140.1497	7592.857	11.304975	3131.0	2990000	4802.9966	3392.1133	7298.679	7.1523123	6675.0	0.22978584	0.09837447	-26.245646	52.23431	52.23429	25434.32835674286	284.96655515683534
300	2779.8518	3468.9695	7671.5444	11.305657	3768.6667	3000000	2235.3337	3140.039	6676.013	8.495225	2607.0	0.23026277	0.0964504	-26.08474	51.918583	51.91856	25530.374613046646	283.67082902325524
301	8811.136	0.0	8811.136	8811.136	10000.0	3010000	809.2703	746.2767	1864.5189	266.4424	1428.3334	0.22050972	0.09310323	-26.125706	52.00689	52.006817	25618.321959733963	282.28383553432076
302	1694.5377	1873.8214	4325.5024	104.59481	2697.0	3020000	356.3331	379.38242	881.95087	0.2988	674.3333	0.22552872	0.09793568	-26.121202	51.98507	51.985027	25693.534562587738	280.75716573710474
303	1974.7064	2684.6567	6577.9897	14.22538	3119.75	3030000	3041.367	3990.1516	8683.021	116.77997	3769.3333	0.23075439	0.1003955	-26.054728	51.86291	51.862873	25803.15177822113	279.60511001769464
304	4903.9863	0.0	4903.9863	4903.9863	5943.0	3040000	3170.6387	4015.3928	8843.829	118.98381	3878.6667	0.22746253	0.09792808	-26.084337	51.90265	51.90268	25878.48613166809	278.08022377302774
305	6005.355	3031.856	9037.211	2973.4993	7003.0	3050000	1277.8495	507.31216	1987.4757	831.54126	2141.3333	0.21642831	0.0929425	-26.284195	52.312332	52.312332	25998.55189704895	277.03374971249065
306	8079.634	0.0	8079.634	8079.634	10000.0	3060000	741.48505	1032.7423	2201.9946	6.8875	1483.0	0.20496006	0.08373447	-26.492075	52.7294	52.72939	26082.99560213089	275.60463761592484
307	1229.67	843.9907	2577.2969	256.87445	2081.5	3070000	3174.0295	2444.6343	6485.787	658.7603	4348.6665	0.1995564	0.081525445	-26.64098	53.027023	53.02701	26192.622722387314	274.43953231219746
308	1331.328	1092.4363	2840.5183	290.57938	2137.3333	3080000	761.12866	631.87714	1562.5303	18.054352	1100.6666	0.20435652	0.08662812	-26.761517	53.273838	53.273876	26253.30277609825	272.7615872692752
309	2870.287	2182.0784	5670.1924	346.68103	4234.3335	3090000	2286.4104	2516.8728	5843.5396	397.85995	3212.6667	0.19199197	0.0861303	-26.848503	53.45696	53.45697	26369.728540420532	271.6622519413501
310	1530.917	1608.0625	4180.2856	218.96872	2270.25	3100000	3202.4463	3593.8083	8284.754	633.0092	4101.0	0.19507103	0.08316345	-26.927774	53.60762	53.60764	26456.51378417015	270.2547106912059
311	815.72614	936.34125	2715.5247	5.1837854	1378.3334	3110000	3592.2083	3826.2698	8983.007	490.63196	4346.0	0.21032208	0.0940153	-26.938454	53.63783	53.63784	26547.088307619095	268.8852995691192
312	4518.909	4135.3965	8654.306	383.51266	5445.5	3120000	5668.221	3969.2744	8479.548	54.82223	6766.6665	0.20287171	0.087519124	-26.990318	53.734444	53.734436	26662.584971666336	267.76527641527673
313	8247.9	0.0	8247.9	8247.9	10000.0	3130000	1120.3905	664.4629	2011.2913	416.1192	1963.6666	0.19616883	0.07824317	-27.090797	53.941525	53.941525	26750.25837135315	266.363062575907
314	4335.1714	213.02344	4548.195	4122.148	5730.0	3140000	3787.752	2639.2417	6609.984	261.29904	5022.3335	0.19260007	0.07606528	-27.148603	54.05316	54.05316	26866.970437526703	265.2471603587175
315	836.4721	1216.4636	3460.8655	9.614869	1319.6666	3150000	1112.6998	1520.2881	3262.6353	22.040495	1395.6666	0.19734532	0.08334273	-27.132542	54.029152	54.029175	26943.410001039505	263.7317910037974
316	3465.1855	3748.5378	8762.156	632.6386	4253.0	3160000	2200.815	2648.804	5943.8135	200.02815	3159.3333	0.19468987	0.08097643	-27.160076	54.088486	54.088524	27050.02823448181	262.5108225148438
317	681.98627	1285.5327	3820.948	45.690746	1273.4286	3170000	1750.1471	1056.2599	3243.9229	1001.43384	2533.3333	0.2049115	0.085634574	-27.034603	53.8325	53.832554	27134.22096300125	261.0705802342117
318	2996.3342	3529.739	7983.4985	316.3892	3927.6667	3180000	270.82816	68.07186	334.91116	176.57175	568.6667	0.2030577	0.0839501	-26.931671	53.62054	53.620617	27225.986503839493	259.7028062644245
319	631.9953	324.02783	1135.978	238.73764	1147.0	3190000	8262.457	665.6744	9201.566	7735.9966	10000.0	0.22193097	0.09374057	-26.769321	53.297623	53.297695	27327.34984755516	258.4247817214504
320	1804.0897	3061.6648	8575.383	25.178637	2359.8333	3200000	1012.87476	925.5785	2240.0156	4.795275	1366.3334	0.2171359	0.091517575	-26.678152	53.09799	53.098003	27441.09276342392	257.2602446436882
321	691.8785	663.2848	1355.1633	28.593664	1216.5	3210000	1003.9536	627.61084	1826.438	303.77798	1582.6666	0.2175872	0.09482167	-26.544212	52.856125	52.85617	27478.974901676178	255.38611145322815
322	2004.3977	2921.1946	7835.473	337.00873	2855.2	3220000	3135.3652	4011.3987	8802.859	85.71377	3828.6667	0.21734087	0.09367451	-26.520374	52.78682	52.786827	27601.125148773193	254.29608055444484
323	1806.405	2274.1611	6248.4204	33.28816	2671.0	3230000	1042.0494	782.0406	2127.628	316.17398	1572.3334	0.2298575	0.09692634	-26.4486	52.638226	52.638252	27718.327008485794	253.15499898520045
324	1191.8025	1350.427	3435.7517	16.758326	2005.75	3240000	2626.864	2043.4783	5292.9316	328.03134	3728.0	0.23141095	0.100338206	-26.234806	52.22342	52.223442	27798.981904029846	251.67802545994888
325	1368.5413	544.3051	2348.5903	669.18134	2313.6	3250000	2266.357	1640.1261	4585.8394	1101.9655	3989.0	0.25055304	0.106950395	-26.019299	51.786053	51.78601	27914.336225509644	250.51327380583837
326	667.8302	335.46118	1304.0273	273.771	1169.875	3260000	1854.6061	590.8847	2613.0198	1171.5511	2738.6667	0.2494584	0.11050928	-25.788725	51.30626	51.306236	28003.522567510605	249.11109031599725
327	861.4818	446.14716	1402.6106	197.18976	1496.8572	3270000	355.64185	336.38046	829.7041	84.31136	740.0	0.24559936	0.11155557	-25.584616	50.90813	50.90809	28093.628071069717	247.71649623496813
328	830.8559	473.4869	1507.3364	127.72677	1314.8572	3280000	1476.9291	1332.0856	3360.7131	521.03064	2108.3333	0.24729756	0.11248366	-25.519848	50.78768	50.78762	28178.086121082306	246.27189088730307
329	828.01044	572.8677	1735.2832	54.685486	1546.8	3290000	216.69904	158.33443	395.75656	10.729333	553.3333	0.2441297	0.10705456	-25.428747	50.59367	50.593636	28248.75938653946	244.70809802103187
330	2718.333	925.38385	3643.7168	1792.9491	4572.5	3300000	1899.7614	135.70222	2091.5144	1797.122	2971.0	0.2495051	0.10722572	-25.332495	50.390858	50.390846	28338.049394130707	243.30648469094072
331	2701.3833	761.73846	3639.9104	1774.1422	4024.0	3310000	755.4783	867.3292	1978.8431	66.82963	1502.3334	0.24344991	0.106200665	-25.317684	50.360332	50.360332	28440.882825374603	242.0195970456766
332	3971.9414	0.0	3971.9414	3971.9414	4750.0	3320000	1132.6969	771.06903	2181.017	348.55655	2078.3333	0.23264487	0.10747907	-25.442417	50.625866	50.625835	28499.23019170761	240.35495341599704
333	5020.199	4230.13	9250.329	790.0694	5794.5	3330000	3080.1472	3602.3457	8170.104	349.16714	4207.0	0.22532682	0.10434191	-25.65627	51.054787	51.054787	28612.014595270157	239.14947133188372
334	8735.8545	0.0	8735.8545	8735.8545	10000.0	3340000	4194.7993	3530.9714	8935.033	464.80185	5291.3335	0.22572999	0.104078196	-25.854338	51.47359	51.473595	28711.504722595215	237.82982953056364
335	8606.505	0.0	8606.505	8606.505	10000.0	3350000	489.71127	606.77686	1346.1578	15.2098	951.0	0.22409016	0.10007735	-26.103218	51.967617	51.96763	28802.596441745758	236.43922451396486
336	3705.1858	2878.442	7770.4814	1490.4073	5093.6665	3360000	3581.9875	4058.9412	9257.5625	0.29709443	4055.3333	0.23309937	0.101422496	-26.337208	52.4201	52.42007	28929.387830018997	235.33827400434583
337	8803.328	0.0	8803.328	8803.328	9921.0	3370000	2673.2268	2738.3506	6514.2056	324.9432	3640.3333	0.23112538	0.1013262	-26.424976	52.572186	52.57216	29034.44308423996	234.05609409183
338	2982.1924	1933.0507	4915.243	1049.1417	4002.0	3380000	538.39703	757.7303	1609.9862	0.29866388	999.6667	0.24112453	0.10267769	-26.471697	52.66855	52.668568	29109.77201771736	232.53368178881132
339	686.9121	829.4045	2080.061	11.282262	1282.5	3390000	1255.7715	406.63785	1826.3597	908.4024	1898.6666	0.24987873	0.10353295	-26.480272	52.675323	52.675304	29163.41655611992	230.8412028211291
340	4490.341	3992.777	8483.118	497.56384	5493.5	3400000	525.50397	367.8281	843.84143	10.045804	983.6667	0.24519815	0.10307728	-26.548313	52.8298	52.8298	29257.86826276779	229.47347656511792
341	8808.435	0.0	8808.435	8808.435	10000.0	3410000	3282.9514	3664.3564	8464.324	612.9479	4106.3335	0.24012507	0.0988003	-26.67233	53.070305	53.070293	29352.706785917282	228.10754539634473
342	3252.1677	3425.084	8014.9253	106.65214	4262.3335	3420000	24.39997	26.355844	61.073235	0.29709443	111.666664	0.24348618	0.09919449	-26.715414	53.15332	53.15332	29460.209283590317	226.83786874177628
343	4973.214	480.5232	5453.7373	4492.691	6085.5	3430000	601.6558	571.2721	1391.6394	60.13022	1012.0	0.2431349	0.10087368	-26.794846	53.307156	53.3072	29561.55755996704	225.51819906354066
344	1436.6542	1338.0651	3265.6753	101.85971	1883.6666	3440000	1173.0892	1245.5308	2903.8943	24.391695	1809.3334	0.24416749	0.1018647	-26.910326	53.5307	53.53078	29624.0088493824	223.90239245545033
345	3721.5393	3513.4688	8620.104	551.3238	4440.3335	3450000	981.5061	413.2689	1559.8752	619.4956	1543.0	0.2415791	0.10372959	-26.946415	53.630142	53.630165	29729.4570748806	222.61187664051562
346	1496.8425	1610.0613	4570.185	316.63647	2261.2	3460000	816.4587	682.5603	1731.2607	92.25117	1501.3334	0.2465469	0.10580395	-26.997232	53.72791	53.727898	29829.70808148384	221.28010811006405
347	4508.7134	4498.107	9006.82	10.606005	5020.0	3470000	4047.9548	3225.7627	7903.8286	8.739826	5153.0	0.23646754	0.10755034	-26.963657	53.667553	53.667522	29935.844928979874	219.98963852007725
348	817.5279	0.0	817.5279	817.5279	1715.0	3480000	3296.0178	3683.9695	8457.151	99.43998	4282.3335	0.2401094	0.11124248	-26.916664	53.55404	53.554016	29976.562106370926	218.22018390743213
349	8556.127	0.0	8556.127	8556.127	10000.0	3490000	2449.1604	1627.4708	4643.2607	750.0848	3435.3333	0.22374819	0.10171409	-26.954681	53.682793	53.68277	30078.048590183258	216.8951927876632
350	1685.6774	2426.3164	7754.602	14.595893	2473.5	3500000	2915.1396	2057.2488	4899.0693	80.23545	4614.0	0.2231246	0.097834274	-27.010082	53.76718	53.7672	30247.160591363907	216.05114707095282
351	1159.4956	627.4364	1915.1237	278.1035	1731.25	3510000	3508.548	2255.4644	6660.3936	1508.2642	5075.6665	0.223199	0.10113223	-26.992289	53.753445	53.753456	30327.891174077988	214.57055008525748
352	7006.882	0.0	7006.882	7006.882	10000.0	3520000	5710.145	2694.052	8181.671	1963.2977	7491.0	0.21470544	0.097136974	-26.89674	53.55815	53.558155	30445.412403583527	213.34853388206525
353	7610.2197	0.0	7610.2197	7610.2197	10000.0	3530000	2413.6797	3041.3809	6714.256	201.92969	3368.6667	0.2012238	0.09054475	-26.9246	53.615055	53.615063	30541.509954452515	211.97365265010774
354	7998.037	0.0	7998.037	7998.037	10000.0	3540000	1793.7235	714.695	2378.1172	787.35126	3019.3333	0.1918205	0.08839254	-27.04362	53.86645	53.866486	30636.818417787552	210.59206633040236
355	6259.085	0.0	6259.085	6259.085	8817.0	3550000	3944.4827	1827.2303	6520.926	2484.1814	5557.6665	0.18666603	0.08680315	-27.118546	54.016827	54.01683	30729.261162519455	209.18980602781537
356	2841.1711	1228.5703	4515.7534	1602.7466	4237.0	3560000	435.8911	188.06107	588.9767	171.00275	1177.3334	0.18714766	0.08568538	-27.206066	54.19379	54.19381	30839.730485916138	207.90829540424133
357	7715.994	0.0	7715.994	7715.994	10000.0	3570000	3057.3909	3022.283	7264.774	301.9789	4290.0	0.18783762	0.08327712	-27.232859	54.242607	54.24262	30936.259892463684	206.5305865773077
358	818.7202	744.8247	1563.5449	73.89551	1161.0	3580000	5284.7856	2606.6362	8116.716	1825.06	6950.0	0.18774109	0.08234276	-27.277328	54.327236	54.327274	30997.58162713051	204.91883570219994
359	2500.3677	3576.6675	8626.5625	21.028294	3136.75	3590000	5009.2085	3116.8901	8883.615	1251.5011	6300.3335	0.18450995	0.081321634	-27.414843	54.599407	54.599407	31123.34126639366	203.73217819839468
360	8843.045	0.0	8843.045	8843.045	10000.0	3600000	5809.5938	3826.2434	8555.253	398.66687	7017.3335	0.18388444	0.08389075	-27.475868	54.726124	54.726124	31235.301801919937	202.4510301899027
361	2323.0576	2843.3281	7213.316	306.00424	3079.75	3610000	2987.4795	517.5986	3711.5923	2532.6443	4100.3335	0.18361638	0.08482601	-27.536299	54.844803	54.844822	31352.657373428345	201.20126383692053
362	3487.848	2111.8723	5599.72	1375.9756	5089.0	3620000	5857.3013	3548.3157	8771.773	862.38184	7183.3335	0.18783434	0.0831253	-27.448019	54.661434	54.661427	31465.17859697342	199.91688058093106
363	7953.8955	0.0	7953.8955	7953.8955	10000.0	3630000	2538.9778	3315.4346	7223.351	21.728401	3628.3333	0.18349475	0.082850486	-27.425423	54.622486	54.622505	31564.512446641922	198.5462904067626
364	7973.556	0.0	7973.556	7973.556	10000.0	3640000	4351.4233	3409.0884	8481.323	132.22903	5595.0	0.18597612	0.08307113	-27.40621	54.578323	54.578342	31669.8592107296	197.21157749380384
365	2047.138	3259.2185	8547.226	186.3154	2742.8	3650000	3468.7678	3493.9736	8324.398	247.91104	4435.0	0.18782343	0.08226924	-27.462374	54.690315	54.690342	31795.26973581314	195.99823809012977
366	7845.7334	0.0	7845.7334	7845.7334	10000.0	3660000	3884.6575	2640.025	7400.4067	1038.5604	5233.0	0.19045699	0.08297586	-27.355463	54.475212	54.47525	31903.71209716797	194.67656743591598
367	2616.4812	2073.3918	4689.873	543.08936	3961.5	3670000	402.43246	336.7562	841.5783	23.265387	808.3333	0.19049565	0.08408355	-27.277018	54.317123	54.317146	31974.245387792587	193.12328049127456
368	4068.1416	0.0	4068.1416	4068.1416	5132.0	3680000	3122.6702	3670.3057	8284.222	67.02241	3921.6667	0.19473602	0.08752505	-27.273766	54.320877	54.320843	32040.86465883255	191.5486474112324
369	4241.301	4211.285	8452.586	30.015678	5056.0	3690000	959.5298	969.6931	2324.804	165.19255	1607.6666	0.18971214	0.08459163	-27.318594	54.410572	54.410576	32125.728013277054	190.08447920570745
370	7271.467	0.0	7271.467	7271.467	10000.0	3700000	1097.1395	589.76514	1900.8427	502.20654	1690.6666	0.1888843	0.08378035	-27.23699	54.24809	54.24805	32219.032680273056	188.67001118659974
371	3903.9612	3120.5193	8308.824	1468.4037	4922.3335	3710000	5139.8467	3342.2395	8272.117	508.17593	6522.0	0.18907566	0.085101895	-27.292377	54.362667	54.362648	32361.07373070717	187.53721972630032
372	8385.158	0.0	8385.158	8385.158	10000.0	3720000	4353.5483	3114.7087	8180.8906	551.56976	5606.3335	0.19260262	0.08676581	-27.308374	54.390232	54.39022	32460.148047208786	186.1513866451906
373	2491.5662	2322.068	4813.6343	169.49811	3379.0	3730000	2891.4587	3945.9253	8471.84	100.380615	3695.0	0.19682008	0.090089366	-27.268698	54.305088	54.305054	32537.136380910873	184.63879893898857
374	2592.6133	3315.0215	8308.294	179.70277	3517.0	3740000	1671.937	1420.3268	3563.9106	141.72548	2426.0	0.19608375	0.09214649	-27.233269	54.243046	54.243073	32661.836183547974	183.39533685146168
375	3036.028	2267.3997	5303.4277	768.6284	4355.5	3750000	933.5635	1070.2554	2434.308	12.914654	1319.6666	0.1943501	0.088394575	-27.3092	54.376152	54.37617	32738.046510219574	181.87803616126376
376	1606.5623	2864.2935	7324.2944	7.982772	2433.4	3760000	7855.2993	375.7938	8366.932	7474.961	9802.667	0.19007838	0.08533332	-27.330154	54.43178	54.431805	32880.96573925018	180.72871238872514
377	8558.29	0.0	8558.29	8558.29	10000.0	3770000	2695.3362	2623.3772	6404.8354	786.9885	4063.6667	0.19082119	0.083287	-27.407778	54.56845	54.56851	32974.28752422333	179.3031549673814
378	7980.9863	0.0	7980.9863	7980.9863	10000.0	3780000	2900.587	3806.5144	8280.239	40.960262	3648.3333	0.18549153	0.0795531	-27.442131	54.6475	54.647556	33074.16741895676	177.9121880497041
379	7810.642	0.0	7810.642	7810.642	10000.0	3790000	3179.1233	3446.6094	7971.1104	10.913797	4148.3335	0.18745242	0.08146602	-27.508743	54.778343	54.77839	33172.44464921951	176.51124900665425
380	374.50906	0.0	374.50906	374.50906	1060.0	3800000	5266.065	3780.4836	8939.499	65.199554	6147.6665	0.2127828	0.09423898	-27.476881	54.724148	54.72424	33222.40272593498	174.85475118411213
381	8988.707	0.0	8988.707	8988.707	10000.0	3810000	4660.4243	2746.4373	8544.468	2712.8562	6071.0	0.19333644	0.08418205	-27.557102	54.87824	54.87824	33332.34932374954	173.51485430625897
382	2961.4053	3262.7559	7511.4146	22.00114	4270.0	3820000	2226.8572	2433.6685	5660.272	303.12332	2969.6667	0.18587388	0.08047454	-27.557184	54.87768	54.87768	33442.08357191086	172.17128540021585
383	7418.593	0.0	7418.593	7418.593	9429.0	3830000	4421.717	3180.8047	7673.5376	104.05538	5329.0	0.1813427	0.07908961	-27.52743	54.828327	54.8283	33546.73211455345	170.79928882903283
384	4577.6416	4452.366	9030.008	125.2754	5171.0	3840000	4051.2468	2755.7957	6529.4204	207.24013	5540.3335	0.1763538	0.07785217	-27.611406	54.9963	54.996273	33653.27109980583	169.43487185065945
385	4627.1997	3574.592	8740.2	25.314651	5555.3335	3850000	2935.4648	3453.369	7817.9375	395.58456	4061.0	0.16959453	0.07621139	-27.81628	55.410793	55.410786	33801.22236633301	168.2744836359829
386	8659.239	0.0	8659.239	8659.239	10000.0	3860000	2770.2988	3561.7822	7807.4126	244.44536	3841.0	0.16570231	0.073427744	-28.061943	55.904427	55.9044	33897.288739442825	166.85193938634558
387	7054.7114	0.0	7054.7114	7054.7114	10000.0	3870000	2551.025	1084.2894	3881.4421	1225.4999	4039.3333	0.16186062	0.072314695	-28.064566	55.92311	55.923088	34002.25579762459	165.47178746756555
388	1674.7598	1036.2013	2940.42	471.7501	2545.5	3880000	3774.693	3460.1252	8445.38	175.53944	4599.0	0.1633325	0.07743958	-28.001083	55.794277	55.79423	34105.84288716316	164.08309292219758
389	1099.3453	1550.7584	4298.4043	77.78092	1694.5	3890000	647.4426	570.6476	1414.2076	46.088585	1043.6666	0.18003641	0.0817106	-27.84741	55.49053	55.490482	34196.23844885826	162.62992577938925
390	796.5127	746.7068	2264.7576	114.60158	1318.5714	3900000	4869.474	3340.0518	8167.3887	291.90967	6892.6665	0.19981131	0.09220855	-27.636353	55.04934	55.049286	34299.90150690079	161.2388532330847
391	863.1399	748.6417	2072.3167	17.859165	1388.5	3910000	2123.589	1637.3872	4168.7153	160.46817	3091.6667	0.21423335	0.103520334	-27.32658	54.445244	54.4452	34385.87181186676	159.7638545338252
392	2382.5422	3221.7886	6937.9565	27.174112	3263.6667	3920000	2071.151	2671.564	5849.301	173.79062	2964.0	0.2133428	0.10405008	-27.089262	53.981853	53.981815	34479.45815253258	158.32404253276027
393	1523.2793	835.3361	2604.1743	570.00116	2145.6667	3930000	888.71875	688.5363	1702.2063	18.507812	1352.6666	0.21001832	0.10750694	-27.008743	53.79923	53.79923	34546.85727572441	156.76478915924335
394	4254.342	3884.8079	8139.15	369.53384	5325.0	3940000	664.4693	560.22974	1446.1046	161.53235	1146.6666	0.20509154	0.10178363	-26.978714	53.74719	53.747185	34639.80870389938	155.32232328732002
395	4603.0684	3606.3772	8209.445	996.6912	5883.0	3950000	9222.622	40.533672	9261.725	9166.7705	10000.0	0.19794755	0.097117506	-27.024025	53.84238	53.842384	34773.40701794624	154.05939817654934
396	2313.3557	2198.7415	5422.4126	43.445473	3140.5	3960000	319.53116	61.560677	383.05963	236.21428	636.3333	0.20606682	0.098673955	-27.094625	53.967747	53.967705	34876.598058223724	152.65851001498675
397	1200.7443	683.6515	2050.0073	375.94632	2134.6667	3970000	3586.7927	3658.3477	8623.659	44.767456	4419.6665	0.21637467	0.10074107	-27.043007	53.877586	53.87751	34955.602893829346	151.15143148369592
398	5388.2075	3008.514	8396.722	2379.6936	6552.5	3980000	1939.7173	2132.026	4940.6167	185.78294	2833.6667	0.21188556	0.10208558	-27.15135	54.085262	54.085182	35071.9142575264	149.80465888384
399	1290.0277	1232.116	3032.0635	385.11948	2096.0	3990000	3812.4304	2827.921	7781.715	1404.3618	5284.6665	0.21871412	0.10374922	-27.119385	53.999477	53.999454	35149.40950727463	148.29115957035654
400	8048.5786	0.0	8048.5786	8048.5786	10000.0	4000000	1349.1788	959.86786	2583.482	242.75081	2268.0	0.21117969	0.10064131	-27.15373	54.072083	54.072067	35244.72762084007	146.85303175052007
401	4189.4365	4083.3438	8272.78	106.09275	5237.0	4010000	2677.8948	3763.0125	7999.5625	0.298625	3374.0	0.20965885	0.09916409	-27.197588	54.160313	54.160297	35341.357801914215	145.41955204785913
402	1696.3499	2381.1465	6380.6514	68.58292	2606.6	4020000	619.87164	466.22412	1153.6244	17.766363	1024.3334	0.22067472	0.10943302	-27.112131	53.99107	53.991043	35453.425379514694	144.0479140578613
403	2980.3613	3379.2441	7708.0103	11.609235	3986.6667	4030000	446.01968	522.6619	1184.5225	49.870552	767.6667	0.22269686	0.10702868	-27.085703	53.94885	53.948856	35552.804225206375	142.6229118994783
404	1951.9186	1196.8187	3581.5261	741.0754	3065.6667	4040000	1545.1832	1630.008	3840.238	210.75337	2382.6667	0.24847041	0.1258093	-26.930483	53.6383	53.638287	35639.891562223434	141.14808539116737
405	1012.3936	764.16406	2087.5818	23.269928	1748.5	4050000	1851.212	2252.8962	5033.964	133.81563	2615.0	0.28026575	0.14334211	-26.69932	53.139088	53.139126	35735.72876763344	139.70758159813076
406	1121.3267	483.7318	1669.9211	570.4693	2019.5	4060000	4358.5483	3034.673	7341.54	194.94054	5996.3335	0.2724576	0.13667245	-26.472286	52.695168	52.695168	35836.10300421715	138.28381290257664
407	1450.8499	1012.489	2872.471	10.228388	2577.5	4070000	590.8357	241.38364	841.7438	264.9248	1008.0	0.2626908	0.12810391	-26.269438	52.306576	52.30659	35925.4855196476	136.81695959026163
408	1080.6752	1046.8282	2444.811	11.95788	1626.7142	4080000	632.3224	199.54471	827.9131	358.35855	1207.3334	0.23671384	0.11541432	-26.249292	52.269974	52.270035	36021.524674892426	135.37501102950839
409	3419.231	1917.1295	5336.3604	1502.1013	4997.0	4090000	379.60684	178.15793	606.7245	171.58345	775.6667	0.22241949	0.112355255	-26.327822	52.43789	52.43794	36102.26457571983	133.87555323161047
410	2713.5942	2140.6238	4854.2183	572.9704	3792.0	4100000	3119.1658	3567.045	8143.4805	215.97134	4033.0	0.21383506	0.10693689	-26.453987	52.69317	52.69321	36187.749868154526	132.39420683122265
411	4553.825	3409.82	7963.6455	1144.0052	5864.5	4110000	3349.5476	3708.472	8526.045	31.879416	4205.0	0.199383	0.10026535	-26.629185	53.049427	53.049465	36304.09796667099	131.02452226069914
412	8416.22	0.0	8416.22	8416.22	10000.0	4120000	695.0435	425.23044	1290.6503	325.33176	1263.3334	0.19435428	0.09535582	-26.6405	53.0746	53.07466	36390.926227808	129.54698656724108
413	4463.1187	3660.338	8123.4565	802.7805	5592.5	4130000	310.4183	403.12445	880.4967	20.69269	521.6667	0.19774312	0.09633333	-26.628006	53.057255	53.057274	36486.43493461609	128.10007422230146
414	964.93463	852.77795	1817.7126	112.15667	1787.0	4140000	2132.2878	1526.7876	3528.9714	7.9105444	3072.6667	0.21338333	0.10685276	-26.562817	52.900585	52.900627	36538.55232381821	126.50223429093613
415	1175.0238	1615.0082	5428.6357	7.8459864	1817.6666	4150000	3261.9573	3392.2644	7993.5747	210.55804	4415.0	0.21832885	0.111374475	-26.54446	52.872128	52.87217	36685.4884250164	125.23158698895848
416	4452.79	4380.0117	8832.802	72.7785	5081.5	4160000	4308.8306	3238.7402	8634.801	842.52527	5445.6665	0.21974412	0.11003398	-26.554806	52.894188	52.89425	36790.171911001205	123.81307854342919
417	1248.3335	1294.7836	3075.0989	225.89574	1924.6666	4170000	84.25036	37.93774	129.98792	37.092384	320.66666	0.22530364	0.11198204	-26.570862	52.910007	52.910038	36847.38283324242	122.23552258513051
418	2464.335	3665.1008	8799.806	0.29851112	3003.25	4180000	742.2527	574.3717	1435.7133	29.204851	1388.3334	0.22396486	0.1088431	-26.592941	52.94914	52.949154	36947.94360327721	120.80268641908013
419	2725.168	2199.876	5387.7935	0.29800943	3661.3333	4190000	3299.3906	1961.3284	5095.764	570.9046	4591.3335	0.22952855	0.10985006	-26.565805	52.914364	52.91433	37059.552849531174	119.40428722095376
420	939.7213	882.091	2032.3394	108.706055	1630.6	4200000	514.86633	200.63062	660.5656	231.1666	1101.3334	0.24083135	0.12427601	-26.435661	52.647636	52.647625	37131.71739959717	117.87846793144469
421	2935.925	2102.816	5604.5483	465.13254	4093.3333	4210000	731.95416	339.66504	976.39667	251.62068	1156.3334	0.24655342	0.12241211	-26.35507	52.483994	52.484005	37236.602558135986	116.45651631106107
422	796.293	0.0	796.293	796.293	1496.0	4220000	453.39926	378.15665	954.45264	40.968826	1036.3334	0.24947347	0.12368786	-26.254648	52.288982	52.28896	37266.50576162338	114.8020319641484
423	2618.052	3063.7305	8808.916	59.224537	3188.3333	4230000	1574.392	1118.5709	2553.193	8.765425	2359.6667	0.22709188	0.11184161	-26.438145	52.64789	52.647884	37423.05442714691	113.53724156022541
424	1371.0669	1097.544	2468.6108	273.5229	2077.0	4240000	3693.7566	2367.0706	5374.984	346.22446	4975.3335	0.22098418	0.114970684	-26.49807	52.79158	52.791607	37484.79883599281	111.98288960081976
425	7906.868	0.0	7906.868	7906.868	10000.0	4250000	2563.4958	3412.1172	7385.762	0.29843056	3219.3333	0.20757674	0.10539794	-26.629684	53.053394	53.05345	37583.297047138214	110.53910895866507
426	3005.2246	3408.55	8543.759	9.989799	3767.5	4260000	2851.7048	1726.8302	5005.756	778.20435	4434.6665	0.20092884	0.09877887	-26.888077	53.580307	53.58034	37719.01151013374	109.2021459968437
427	1975.3308	164.99274	2140.3235	1810.338	2503.5	4270000	2377.6963	1281.1141	3418.1416	572.956	3521.3333	0.2093765	0.11378067	-27.007977	53.806084	53.80614	37784.02770423889	107.65940758479377
428	3058.371	3813.9617	8450.168	236.57622	3985.3333	4280000	2931.3855	4009.701	8601.085	10.320388	3506.6667	0.20332918	0.109371826	-27.160673	54.1301	54.130123	37891.08775091171	106.23669462538211
429	2269.202	3754.4175	8771.141	0.29868722	2768.0	4290000	3846.5105	1937.0831	6246.899	1503.0585	4989.0	0.20675007	0.113439724	-27.277195	54.367256	54.367237	37999.265147447586	104.81537783089402
430	1780.9951	1683.4673	3464.4624	97.52789	2570.5	4300000	2565.0906	1556.0923	3862.1997	376.96918	3688.6667	0.21693587	0.114434354	-27.259893	54.335987	54.335903	38049.746386766434	103.23574600866598
431	8055.9756	0.0	8055.9756	8055.9756	9807.0	4310000	3385.1184	1616.3438	5659.4087	2049.0913	4525.3335	0.20012498	0.100477114	-27.384237	54.564533	54.564507	38135.483697891235	101.75361079102049
432	6762.0938	0.0	6762.0938	6762.0938	10000.0	4320000	5921.301	3989.488	8865.22	281.12527	6944.3335	0.19816566	0.095950454	-27.477327	54.73492	54.734932	38223.61248922348	100.2779957247737
433	1783.4661	3074.1746	8801.859	0.298	2181.8572	4330000	3661.5398	3690.14	8719.081	18.472548	4280.3335	0.20029807	0.096400134	-27.606583	55.000862	55.00087	38336.353868961334	98.86588564882653
434	7983.118	0.0	7983.118	7983.118	10000.0	4340000	1180.2994	871.5393	2112.7415	16.020435	1729.3334	0.20790428	0.10411655	-27.632538	55.061775	55.061714	38415.09140467644	97.36543904169363
435	2998.738	3646.6511	8155.825	399.31726	4055.3333	4350000	2965.7927	2024.655	5549.3496	605.01135	5161.6665	0.20837425	0.10493061	-27.623735	55.04029	55.040215	38513.48084163666	95.91479902792707
436	628.39124	0.0	628.39124	628.39124	1144.0	4360000	4789.0493	2400.1528	8178.687	2939.7397	5924.6665	0.21756916	0.11368174	-27.579012	54.937107	54.937088	38551.59493947029	94.3158285957593
437	8134.9883	0.0	8134.9883	8134.9883	10000.0	4370000	1980.5128	2406.5205	5381.362	167.4813	3041.3333	0.20950787	0.10836328	-27.648476	55.09755	55.09749	38631.92534804344	92.82270392264054
438	4589.4414	3419.5813	8880.547	512.53754	5659.3335	4380000	4206.7593	1317.0863	6065.6978	3175.6292	6086.6665	0.21190788	0.103804536	-27.75969	55.303764	55.303726	38761.64357662201	91.44679991159265
439	965.1955	1123.447	2552.6653	115.297005	1678.0	4390000	3408.3845	3790.238	8697.725	11.373656	4205.0	0.24534822	0.12024919	-27.772953	55.304417	55.304348	38819.28117465973	89.9003854055249
440	4167.259	4134.8384	8302.098	32.42037	5047.0	4400000	5224.288	3681.6152	8050.872	24.275568	6700.0	0.23636457	0.11638819	-27.728775	55.224255	55.224228	38909.41305041313	88.43048420277508
441	2465.602	2840.937	7251.9175	8.389396	3351.8	4410000	3907.338	3114.9817	8311.9795	1641.6458	5208.0	0.23404282	0.11056881	-27.55064	54.854187	54.854176	39031.65682196617	87.03203901888652
442	550.4739	405.05554	1233.0822	209.53094	1079.75	4420000	3004.795	3903.784	8525.478	215.42905	3733.3333	0.25895852	0.121140614	-27.363655	54.50249	54.502476	39079.51485657692	85.46801891449171
443	4110.777	3628.0542	7738.831	482.7227	5372.0	4430000	405.49426	340.22296	850.2394	24.128513	965.6667	0.24057655	0.116866566	-27.216871	54.209797	54.209816	39153.221363544464	83.96289005521727
444	1834.362	1994.373	5318.757	14.063095	2882.2	4440000	2411.8909	977.4728	3297.5962	1049.8951	3259.0	0.2351904	0.1176989	-26.922512	53.632057	53.632088	39263.01061272621	82.53485714136302
445	976.2266	1071.281	3239.313	36.623627	1438.5714	4450000	87.12296	38.87747	117.74097	32.265392	366.66666	0.23664863	0.12052591	-26.59859	52.998425	52.998417	39332.00298643112	81.02097993263145
446	599.6297	479.33945	1583.3568	139.01944	1312.5	4460000	2040.412	2516.9531	5599.4307	209.72615	2972.0	0.25323418	0.13640288	-26.331795	52.467316	52.46728	39396.62967443466	79.49992535007374
447	2961.5251	3792.9011	8321.996	113.478676	3902.0	4470000	6673.053	983.46893	8016.59	5689.839	8958.333	0.25497448	0.12711477	-26.236876	52.246143	52.246143	39506.94367432594	78.07114148680441
448	1350.2814	0.0	1350.2814	1350.2814	2033.0	4480000	284.84518	77.46263	380.1088	190.36978	674.0	0.27140614	0.1327583	-26.200434	52.135498	52.135433	39530.54879593849	76.47278784697964
449	1582.9403	2627.164	7934.8433	64.33459	2264.5715	4490000	4478.2397	2815.8364	7231.109	609.88116	6603.3335	0.26276135	0.12809679	-26.096392	51.94939	51.94938	39657.925370931625	75.07625069995235
450	2222.699	2830.518	7032.4893	21.980673	3280.0	4500000	796.71674	297.64935	1120.1154	401.66638	1288.3334	0.26259634	0.13000056	-26.009912	51.790665	51.790672	39744.39165735245	73.60072528962736
451	453.69476	377.4167	1245.7684	37.02869	870.0	4510000	2419.2695	2353.0295	5736.062	527.8756	3459.0	0.2834245	0.14532469	-25.999199	51.771435	51.771427	39806.25261712074	72.08079741982645
452	3814.3984	2191.5615	6005.96	1622.8372	5246.0	4520000	3159.0383	3860.795	8616.358	282.55612	3901.6667	0.28269586	0.15025097	-25.951036	51.67446	51.674496	39891.106775045395	70.60372880285821
453	3339.8174	2478.3796	6338.996	269.48175	4597.6665	4530000	3919.051	3497.6763	8492.455	0.29806668	4788.0	0.26419646	0.13577816	-25.99603	51.77451	51.774464	40000.23550891876	69.16891349795287
454	1060.5944	856.4171	2412.579	103.05474	1567.5	4540000	582.98804	431.38898	1074.5756	24.303043	962.0	0.27326828	0.1332531	-25.995388	51.73454	51.734505	40067.68499803543	67.66202312242267
455	1149.051	0.0	1149.051	1149.051	1746.0	4550000	1581.166	1563.5288	3789.8098	385.45242	2557.0	0.2804052	0.13588351	-25.94675	51.62782	51.627842	40094.89068365097	66.09047914691024
456	4730.184	3438.2778	8134.172	21.151333	5979.3335	4560000	316.03232	116.73899	399.13995	150.93974	631.0	0.26744857	0.12216863	-25.944265	51.637238	51.637245	40212.302685022354	64.66890782564006
457	951.1691	795.71136	1949.8977	16.08278	1516.8572	4570000	740.0202	557.3248	1368.5319	13.882991	1350.6666	0.27822363	0.12592663	-25.74492	51.22158	51.221558	40292.176485061646	63.18612650680681
458	1573.4562	0.0	1573.4562	1573.4562	3872.0	4580000	797.22894	435.32913	1410.1948	441.0284	1307.6666	0.2832377	0.1288058	-25.496767	50.733616	50.73363	40332.00135183334	61.64279682448858
459	2372.7314	1898.3464	4945.1484	421.2546	3647.0	4590000	4897.3315	3226.3494	7870.8965	413.4789	6963.0	0.287218	0.13021249	-25.258307	50.256638	50.256626	40430.628868341446	60.190841813483964
460	2186.465	3021.5579	7373.558	0.29922938	3072.25	4600000	551.28326	101.27405	669.5174	422.165	972.0	0.2762261	0.13138475	-25.070969	49.874783	49.874752	40510.14600920677	58.71035653370014
461	3075.6606	0.0	3075.6606	3075.6606	4873.0	4610000	1462.9625	1163.4784	3044.4502	278.90518	2101.6667	0.28663927	0.14291406	-25.038801	49.831116	49.831085	40559.639073848724	57.18821127381087
462	2284.9758	3095.7205	8787.444	22.068497	3004.3333	4620000	469.5381	181.0397	723.123	312.1829	984.6667	0.27839354	0.13964428	-25.285625	50.31661	50.316586	40680.57963490486	55.767028357903506
463	521.985	182.24663	745.67004	237.45757	987.0	4630000	3523.951	2821.5159	7054.3584	148.28267	4628.0	0.30396095	0.16408157	-25.275002	50.292713	50.29264	40726.76073265076	54.24370579815666
464	3074.912	2763.3425	6837.3115	246.5796	4091.25	4640000	245.7022	264.38586	615.63403	13.697361	508.0	0.28411165	0.15938058	-25.221945	50.219242	50.21919	40835.818455696106	52.804937656994525
465	7873.599	0.0	7873.599	7873.599	10000.0	4650000	3884.055	3215.212	8372.038	1007.6964	5056.3335	0.27168393	0.13823561	-25.287834	50.338417	50.338375	40917.76109290123	51.33052466701863
466	1458.3612	1627.1261	4281.488	24.83253	2017.2	4660000	1357.1589	634.28406	2186.5579	646.5754	2514.6667	0.27016625	0.13533662	-25.345106	50.44624	50.446243	40999.91754126549	49.8568382106796
467	1086.4813	1473.4974	3589.016	9.740349	1523.25	4670000	3281.3982	3468.7993	8119.262	158.7945	4224.3335	0.27828947	0.14338312	-25.329544	50.424515	50.424534	41060.27634215355	48.35792716815589
468	4686.2285	1992.012	6678.2407	2694.2168	6975.0	4680000	5149.963	3655.3022	8214.652	12.398058	6378.6665	0.28170162	0.13889207	-25.205572	50.164284	50.164318	41172.15366101265	46.91983323056474
469	7884.176	0.0	7884.176	7884.176	10000.0	4690000	4081.14	3608.823	8972.074	372.94693	4846.0	0.26626086	0.13012417	-25.156351	50.06797	50.06802	41255.20244336128	45.44816189462104
470	121.53224	0.0	121.53224	121.53224	409.0	4700000	1052.8944	329.9789	1444.9801	637.6924	1997.3334	0.2635702	0.14630398	-25.229504	50.08501	50.085083	41276.20034241676	43.91085142708839
471	8190.414	184.7937	8375.208	8005.6206	9750.0	4710000	4460.84	3454.3528	8427.652	8.197333	5976.3335	0.2625528	0.12484479	-25.29687	50.345776	50.34578	41415.114451646805	42.49958666182543
472	991.37585	1032.0685	2932.7473	0.29868844	1533.2	4720000	962.3022	664.45264	1593.9254	43.966667	1581.0	0.2789788	0.13779108	-25.428745	50.59965	50.59971	41478.94375514984	41.01025512420525
473	4279.6855	4012.295	8291.98	267.39066	5321.0	4730000	549.3498	736.5939	1591.0144	20.964233	890.6667	0.26858547	0.12507495	-25.537472	50.81114	50.811172	41557.25648641586	39.53650194154481
474	3349.1096	0.0	3349.1096	3349.1096	4600.0	4740000	2635.8079	369.6238	2930.796	2114.5906	3504.6667	0.27382118	0.12920357	-25.593777	50.924686	50.924774	41605.50382781029	38.03597396266779
475	2583.5242	3076.8289	7718.0454	0.2980005	3487.25	4750000	5198.453	3675.704	7821.8687	0.29828888	6667.0	0.2792447	0.12756082	-25.685833	51.106594	51.106575	41718.90428352356	36.595530072429725
476	1446.5386	1446.2406	2892.779	0.29801777	1899.5	4760000	5448.0513	2863.4534	8908.213	1896.0186	6419.3335	0.28685284	0.12990603	-25.697104	51.099483	51.0994	41777.2431576252	35.1069270226134
477	2896.7427	3566.271	8723.398	9.751411	3527.0	4770000	424.79895	402.43527	993.91156	136.45354	884.0	0.28386062	0.13146575	-25.722408	51.172527	51.1725	41893.63567686081	33.66714257653321
478	2706.5757	2154.6338	5481.4546	228.85855	3769.3333	4780000	2595.8333	1551.6879	4213.571	502.90967	3412.6667	0.29977956	0.14494665	-25.490887	50.71365	50.71364	41984.690094947815	32.205829221151525
479	3114.954	3098.415	6213.369	16.539051	5031.0	4790000	2621.7288	3149.8865	7051.539	0.298975	3109.6667	0.30115288	0.13922866	-25.22618	50.177784	50.177822	42062.33424782753	30.734482226142802
480	8882.116	0.0	8882.116	8882.116	10000.0	4800000	3075.9746	3543.109	8082.905	403.9284	4013.6667	0.29596353	0.13348198	-25.145994	50.020443	50.020454	42146.77234816551	29.26859190762043
481	8219.57	0.0	8219.57	8219.57	9794.0	4810000	3969.2617	3331.948	8362.951	297.8205	4939.3335	0.2882357	0.13223487	-25.13028	49.99784	49.997845	42232.83098721504	27.804012083817256
482	8075.406	0.0	8075.406	8075.406	10000.0	4820000	3809.7537	3228.01	7904.4106	14.451986	4710.6665	0.2786293	0.13075832	-25.188284	50.121536	50.1215	42320.280274152756	26.340423406258658
483	1074.5408	1440.712	3866.7827	0.29843438	1479.8	4830000	3024.7742	2741.9602	6739.045	202.92955	4483.3335	0.27400234	0.13020185	-25.236315	50.21556	50.21549	42387.92633366585	24.865243190341854
484	912.5035	1203.379	3578.578	8.794866	1568.0	4840000	3069.5076	3885.5542	8564.507	316.02368	3812.3333	0.28521946	0.14068742	-25.146133	50.047855	50.04781	42474.99045419693	23.40219859682824
485	2312.064	1625.7494	3686.8267	28.715155	3425.3333	4850000	2580.7312	3227.6836	7139.9834	109.2048	3726.6667	0.29830867	0.15073484	-24.97011	49.711006	49.711044	42563.341024398804	21.93986650693048
486	1635.3907	1078.0157	2624.9333	136.2386	2107.0	4860000	3045.2385	4175.519	8949.701	19.324377	3495.3333	0.29259247	0.1450754	-24.895727	49.55841	49.55842	42624.022481918335	20.464208324079816
487	4892.8403	4310.43	9203.2705	582.4098	5563.5	4870000	4043.7732	3267.8542	8642.496	1348.0315	4961.6665	0.28956887	0.14229085	-24.87066	49.491947	49.491947	42711.949355602264	19.002578425880657
488	2635.3752	3311.6714	8308.524	12.221505	3502.0	4880000	4267.492	2589.2578	6984.5845	783.0486	6046.6665	0.29344484	0.14547561	-24.935917	49.619843	49.619827	42828.9774723053	17.552859619308688
489	1087.2366	0.0	1087.2366	1087.2366	1692.0	4890000	5691.7085	3725.4119	8514.483	427.78976	7014.6665	0.29308847	0.15033597	-24.901802	49.569153	49.569195	42876.15937995911	16.07490637922417
490	3723.6965	3288.2407	8310.313	766.3118	4794.6665	4900000	846.4548	681.8518	1761.1298	124.7121	1377.0	0.29623908	0.14533532	-24.935175	49.617146	49.617146	42976.078834056854	14.617713888810606
