Epoch	AverageEpRet	StdEpRet	MaxEpRet	MinEpRet	EpLen	TotalEnvInteracts	AverageTestEpRet	StdTestEpRet	MaxTestEpRet	MinTestEpRet	TestEpLen	LossQ	LossPi	Qval	Time	remian_mins
1	180.05447	59.391117	281.37656	59.223846	452.5	10000	185.26018	15.127137	203.02676	166.05667	458.33334	0.014386527	-4.8900704	4.8664727	63.006954193115234	524.007823808988
2	191.421	54.858437	291.59833	92.40135	473.75	20000	203.16191	31.3527	237.08752	161.47508	397.33334	0.027269365	-19.003208	18.956627	133.33624005317688	553.3453912734985
3	195.51225	72.31946	417.6044	67.3735	484.7619	30000	235.49986	37.763897	282.60065	190.14798	509.0	0.03501465	-26.115541	26.0677	216.5818157196045	598.0064552148183
4	179.32242	49.95971	259.68854	92.045715	446.47827	40000	167.25851	28.207565	194.59384	128.42967	433.33334	0.029453676	-29.455904	29.409098	295.04397559165955	609.7575475851695
5	187.19945	43.007698	306.8068	121.535324	456.77274	50000	190.48894	42.959686	237.58408	133.70227	429.0	0.03225806	-31.583658	31.536285	378.5525677204132	624.6117351651192
6	159.12767	44.618183	251.08827	77.98543	417.52173	60000	143.31969	28.276117	172.1057	104.888535	380.0	0.028085554	-32.141415	32.092777	455.514687538147	625.0673754798041
7	178.66017	64.11893	356.6016	110.04236	468.86365	70000	190.11493	88.297325	310.11758	100.211296	470.33334	0.022857225	-32.02995	31.98484	535.6785995960236	628.7846407873291
8	199.08603	58.45243	321.92892	104.42431	477.42856	80000	111.38458	13.153374	121.404	92.80191	359.33334	0.02212975	-32.07413	32.02973	613.3591911792755	628.6931699812412
9	172.09393	65.98396	279.83328	87.923164	442.9091	90000	176.36784	62.12159	257.4983	106.613144	439.0	0.024101827	-32.357544	32.308506	691.154324054718	628.4384678566897
10	177.97285	46.60409	281.5975	95.007034	444.08694	100000	163.04115	72.6377	263.57816	94.50825	459.0	0.04494152	-32.3528	32.302315	775.503445148468	633.3278127590816
11	199.37337	56.746967	351.92227	125.60148	503.75	110000	203.69598	44.074577	241.58333	141.88899	503.33334	0.045915138	-32.592224	32.536163	851.4397649765015	630.8394613493572
12	193.28465	34.553375	267.21603	105.18935	455.54544	120000	168.26173	27.994833	200.52856	132.26114	420.66666	0.04186415	-32.900967	32.84669	934.4666655063629	633.3607391463386
13	183.92592	47.582554	314.082	117.90294	444.72726	130000	187.20403	23.666912	212.03416	155.35233	462.66666	0.040009953	-32.87658	32.825317	1008.3109862804413	629.5480126335071
14	168.9597	56.09747	276.85907	83.15384	433.30435	140000	173.60252	40.222435	228.53362	133.34253	440.66666	0.041412506	-32.704975	32.654118	1087.350823879242	629.1101189783641
15	183.1898	63.580925	338.17535	77.618645	463.13635	150000	127.18182	56.58737	207.19919	86.11874	384.0	0.045193557	-32.522995	32.47376	1157.0206444263458	623.5055688540141
16	180.18848	56.594776	343.9008	103.29071	439.17392	160000	186.96533	27.913673	222.7628	154.65599	397.0	0.051148307	-32.454483	32.40675	1240.0124025344849	625.1729191303253
17	182.53928	42.033684	293.11197	79.06453	431.0	170000	149.03516	28.457771	180.50137	111.572464	405.0	0.0530236	-32.374565	32.33065	1316.2628021240234	623.2891498530612
18	217.31573	70.92315	363.43442	71.00995	526.5263	180000	211.43701	45.929497	270.71918	158.80687	523.0	0.053332444	-32.13783	32.09962	1398.8629817962646	624.3073672696396
19	190.28151	63.93673	324.6117	80.86424	426.34784	190000	203.75478	37.66664	248.64583	156.47461	426.0	0.0531071	-31.973537	31.940668	1474.9110839366913	622.308974486694
20	184.44028	48.79435	293.6546	99.46877	431.3913	200000	133.46867	7.2982945	141.3014	123.73132	431.0	0.049819876	-31.659075	31.630152	1556.6223225593567	622.648928642273
21	174.12944	48.19964	301.55237	98.69982	442.73914	210000	196.77275	25.712336	228.30597	165.32404	464.66666	0.04733083	-31.322504	31.29537	1632.5974760055542	620.6461829760718
22	193.02406	58.818855	338.68945	114.02332	454.0	220000	149.69653	26.34255	180.14815	115.88527	432.33334	0.047658868	-31.153973	31.12785	1710.0874738693237	619.2589483528426
23	159.11647	32.47484	227.89928	98.20967	417.625	230000	155.94907	37.591515	201.46764	109.40475	423.66666	0.04716162	-31.070581	31.045704	1789.6945025920868	618.6117951315383
24	175.12187	52.72675	289.98837	88.47371	455.81818	240000	202.15974	46.64808	239.36205	136.3775	459.0	0.046088036	-30.82609	30.802147	1870.455404996872	618.2894252253903
25	180.35516	56.201485	316.0562	97.21124	437.13635	250000	177.8838	40.691906	219.21086	122.53884	448.0	0.046211492	-30.690025	30.667032	1946.0620656013489	616.2529871384303
26	197.68422	44.397068	278.94855	100.73822	476.0	260000	174.94334	19.047346	201.81775	159.91658	467.0	0.04600984	-30.588068	30.566645	2031.8338975906372	617.3649147473849
27	177.17723	48.72828	285.7657	68.79631	424.34784	270000	139.08974	17.415585	154.10315	114.67439	425.0	0.045962643	-30.552155	30.529722	2105.979005098343	614.8938697286594
28	184.16327	46.76445	275.62766	114.03602	461.31818	280000	179.75171	60.994797	244.45352	97.9963	462.0	0.044345137	-30.661938	30.636374	2186.448112487793	614.2878027643476
29	167.42274	50.080437	255.42633	63.350796	421.95834	290000	145.55504	21.160868	173.84882	122.965996	412.33334	0.042882647	-30.676723	30.650772	2267.764068365097	613.8602733554511
30	169.42224	36.441605	234.01837	97.01067	428.34784	300000	172.34212	48.284473	240.15402	131.49023	437.0	0.039573964	-30.685223	30.6592	2348.5358712673187	613.228810581896
31	176.33867	79.61821	365.1	41.54807	428.86957	310000	163.54782	71.44355	264.1888	105.49337	396.66666	0.03756478	-30.662329	30.63729	2422.9324526786804	610.9437202941987
32	160.33858	49.542816	289.74493	86.616905	409.36	320000	165.70885	33.069885	193.77199	119.2771	381.33334	0.037476745	-30.719095	30.693542	2506.959998369217	611.071499311924
33	182.78566	66.35305	356.55096	80.00673	441.68182	330000	181.17915	14.8489065	192.12456	160.18602	484.66666	0.03905729	-30.694166	30.669985	2583.515303850174	609.3442658851844
34	191.77823	57.16381	289.37775	98.963715	448.69565	340000	188.78943	20.090334	203.42654	160.38182	433.0	0.039879855	-30.702269	30.679379	2665.82350564003	608.9577220944797
35	162.28902	53.980003	286.2576	73.15744	416.375	350000	177.74117	15.984068	197.84897	158.7434	420.33334	0.04074635	-30.580826	30.560196	2745.881410598755	608.0165978499822
36	194.83247	52.713627	356.8031	104.70526	456.04544	360000	121.61704	4.5019107	126.89214	115.892296	338.0	0.040427573	-30.491936	30.471634	2824.2123436927795	606.6826514032151
37	188.3083	66.67159	333.4356	84.84802	442.95456	370000	148.22021	35.138752	174.77234	98.56647	426.0	0.040099837	-30.513447	30.491282	2902.6800451278687	605.378765969663
38	176.06343	40.423016	263.79187	98.85559	430.9565	380000	174.2525	13.893677	193.72374	162.23549	420.33334	0.039393693	-30.6063	30.583557	2982.1318979263306	604.2740948645693
39	193.62169	57.59212	332.6909	100.66074	452.9091	390000	164.82143	36.511536	216.29478	135.54803	408.33334	0.038262073	-30.651222	30.62928	3064.7454290390015	603.7810437381777
40	197.37218	69.3929	421.18716	71.23334	466.72726	400000	182.07695	74.01777	262.93842	84.07875	430.0	0.037202023	-30.691721	30.670193	3145.2411139011383	602.8378799815972
41	192.56482	61.143234	321.75632	83.308395	468.0476	410000	139.39058	18.482374	154.95233	113.42259	444.0	0.035932694	-30.701162	30.681774	3223.762000322342	601.5068120773246
42	206.02388	66.309555	366.3101	119.95356	475.42856	420000	136.83614	23.580257	166.60072	108.930984	442.66666	0.034536827	-30.67627	30.658648	3306.450297355652	600.9342204932183
43	195.56812	65.1475	420.29276	114.13706	498.45	430000	150.1925	12.275644	165.23224	135.16318	454.0	0.03348367	-30.574322	30.557512	3383.2072167396545	599.2735262070515
44	178.8807	40.79306	298.71793	96.16643	448.91306	440000	182.31921	69.69824	280.15115	122.98931	515.0	0.033297583	-30.516333	30.498756	3466.919167280197	598.8314923654904
45	170.96805	46.723156	276.50644	104.28896	430.6087	450000	166.08748	52.437054	211.74937	92.65307	424.33334	0.03342548	-30.437307	30.420858	3547.4648320674896	597.8135178358466
46	178.68053	59.786945	324.2834	86.501	439.72726	460000	137.30945	54.29496	213.94049	94.78958	415.0	0.033575274	-30.409626	30.394033	3622.166163921356	595.8200862665108
47	178.26738	45.326546	279.4565	92.661316	432.08334	470000	141.48033	23.195717	174.2657	124.13814	393.66666	0.03347128	-30.318787	30.30512	3702.498100042343	594.7629925131798
48	163.7723	43.81305	290.20367	87.52564	418.41666	480000	194.37947	67.59453	280.1806	114.98021	444.0	0.032517638	-30.18014	30.168518	3781.976013660431	593.5601241790587
49	195.54185	43.205494	277.03214	99.51128	451.0	490000	136.6695	31.613499	170.43628	94.40948	322.66666	0.03165836	-30.043325	30.033422	3862.8910257816315	592.5727388060823
50	187.62383	42.67252	270.8643	92.28666	438.69565	500000	220.15796	9.804328	232.74574	208.82938	456.66666	0.03068603	-30.0044	29.995651	3943.659977197647	591.5489964365959
51	186.54161	53.20043	321.76425	103.83739	453.54544	510000	187.1602	42.70094	233.36237	130.38309	489.33334	0.030805381	-29.939457	29.93145	4019.9013998508453	589.8482771584411
52	191.25026	53.809376	310.64966	54.046375	434.91306	520000	187.11327	41.767498	243.1733	142.96678	482.66666	0.030205945	-29.892916	29.884335	4092.9993646144867	587.7127291068052
53	192.80687	59.664047	352.96524	98.97107	454.0909	530000	182.78682	29.315853	220.76967	149.4042	421.66666	0.029624797	-29.88433	29.876682	4174.7279052734375	586.8249601020003
54	184.67102	49.747467	265.04245	91.294106	445.0	540000	200.16261	43.345127	257.04208	151.93034	472.33334	0.030309679	-29.838463	29.830893	4252.397321939468	585.3608657572005
55	200.08902	77.03397	374.28333	66.34342	463.65216	550000	132.42174	24.44551	165.94481	108.34396	387.33334	0.031113232	-29.881084	29.87322	4338.322147369385	585.0161681966348
56	177.28264	41.673897	249.02063	97.25217	467.33334	560000	157.52988	21.556763	179.40942	128.20518	359.66666	0.032268133	-29.877197	29.86931	4414.698630094528	583.3708902478218
57	189.68184	57.35789	357.8457	99.99424	448.27274	570000	169.63037	25.392855	204.31084	144.21893	477.33334	0.03213025	-29.874546	29.866308	4497.307923793793	582.5460262626235
58	194.17049	43.70365	291.07877	107.21677	429.625	580000	186.85431	83.42395	304.51907	120.56634	507.33334	0.03173649	-29.937239	29.92866	4578.097683429718	581.471027456618
59	173.444	41.864586	270.7023	102.23007	423.78262	590000	128.03464	31.47921	171.04776	96.58754	391.66666	0.031447407	-29.960857	29.952194	4655.485783100128	579.9630593012955
60	175.9303	40.683147	252.87653	108.40692	426.17392	600000	115.47458	9.965647	126.35975	102.27919	365.66666	0.030583361	-29.952461	29.943663	4735.80074763298	578.8200912899441
61	174.13855	55.607536	303.64847	116.39431	434.70834	610000	191.3147	32.52193	232.63466	153.16159	463.33334	0.03080879	-29.988432	29.978224	4818.486755847931	577.9551052429637
62	170.03592	47.85943	272.28552	109.95778	433.65216	620000	179.40746	32.01119	214.19868	136.92694	492.33334	0.03152569	-29.99124	29.980793	4898.969030857086	576.8140954563695
63	185.69539	43.83883	253.19185	113.46905	434.36365	630000	159.46556	62.916042	243.55376	92.231705	437.33334	0.032388363	-29.964218	29.954008	4979.349776506424	575.654987279511
64	198.62262	52.750942	356.03152	140.2194	448.08694	640000	142.25273	23.034157	173.79094	119.422165	470.33334	0.032448985	-29.998087	29.987616	5057.154493331909	574.1977496554454
65	164.61989	47.83789	267.8477	70.19937	436.0	650000	197.12714	50.48769	241.30309	126.460625	442.0	0.032337613	-29.999573	29.988686	5138.669185876846	573.1592552414307
66	169.78548	53.034836	322.27182	79.21143	436.0435	660000	155.37547	11.378579	169.78181	141.96335	409.0	0.03229912	-29.960135	29.949734	5219.9789872169495	572.0886060180086
67	172.25142	52.470806	259.55545	57.311295	438.21738	670000	188.65434	5.735107	193.00606	180.55109	443.33334	0.0321991	-29.955889	29.945341	5296.9623963832855	570.5434619695986
68	202.01749	62.81516	376.0621	111.9488	463.1905	680000	173.3478	36.323215	218.59573	129.66362	469.66666	0.032138217	-29.981796	29.971933	5371.985269546509	568.7984402039472
69	179.19812	46.019123	295.7243	108.50789	450.21738	690000	186.85655	87.54595	304.97202	95.65861	464.33334	0.031904295	-29.973618	29.964558	5460.239356994629	568.4452083221381
70	188.52141	60.716755	334.93835	105.28242	465.5238	700000	185.38507	32.414433	221.04204	142.60707	451.33334	0.030969698	-29.939104	29.930666	5535.055025339127	566.6842048775582
71	200.59521	62.460575	372.55832	100.679344	461.5	710000	208.7397	14.809587	219.75247	187.80527	459.33334	0.030202137	-29.922295	29.914124	5617.201150178909	565.6758903317047
72	193.35362	57.741516	318.95242	79.86903	454.4762	720000	184.66258	52.93175	249.52548	119.86976	419.66666	0.030080272	-29.92934	29.920975	5695.1144189834595	564.2381877122102
73	190.1267	57.065243	304.74963	84.631424	474.4091	730000	240.17061	80.119774	351.7853	167.4699	527.6667	0.029700207	-29.949633	29.940788	5776.670302629471	563.1594106884852
74	178.89952	47.4098	301.4908	70.89268	433.0	740000	174.06749	44.68603	218.25029	112.845894	488.0	0.0292164	-29.957514	29.948133	5857.905645132065	562.0422982927915
75	186.45987	46.77129	254.41776	103.617195	424.73914	750000	251.35176	78.32573	326.9204	143.4289	612.6667	0.029349832	-30.005697	29.9957	5934.894753932953	560.5178377813762
76	199.57516	64.31946	334.46088	119.1891	474.38095	760000	132.75305	12.760818	145.41658	115.286476	398.33334	0.029191498	-30.070719	30.060564	6016.99266242981	559.4747562646866
77	168.59064	50.13386	261.1988	68.1511	429.95834	770000	151.3932	50.602276	202.61012	82.50073	375.0	0.028889662	-30.086378	30.076345	6099.222228050232	558.4352818315679
78	176.80348	44.88966	282.27393	91.78735	440.9091	780000	194.04549	23.14046	223.9121	167.52725	429.33334	0.028935581	-30.083946	30.07353	6177.888461112976	557.0660107022676
79	187.03064	59.2731	347.70352	82.62971	451.30435	790000	163.39056	21.680916	186.45377	134.36154	472.33334	0.029017972	-30.114761	30.106981	6257.768942594528	555.8060599853218
80	187.27885	80.06105	387.80148	79.7181	444.54544	800000	152.91565	29.778463	192.57703	120.822556	454.33334	0.029455516	-30.108633	30.101288	6336.419734716415	554.4367266625165
81	176.40437	46.860626	303.08502	93.70251	415.66666	810000	159.44106	33.610703	206.60876	130.76561	425.33334	0.030090228	-30.123917	30.116325	6417.331639766693	553.2637770705262
82	206.0751	58.00678	319.79388	110.558	499.65	820000	133.6421	64.305305	222.27292	71.68605	358.66666	0.03046753	-30.134481	30.126917	6497.2216691970825	551.9997270987285
83	185.15627	51.932526	314.98248	94.30155	460.68182	830000	207.07379	23.220688	238.82121	183.92845	486.66666	0.031080691	-30.105722	30.098425	6574.689605474472	550.5312379689101
84	171.96562	54.256832	341.44824	74.491516	422.26086	840000	186.25183	40.675938	239.55634	140.87071	453.0	0.03153334	-30.06093	30.054169	6656.457738876343	549.4219085466294
85	175.526	47.61779	299.68457	94.919266	424.54166	850000	168.94487	30.490408	194.62024	126.10586	424.66666	0.03135391	-29.99475	29.989235	6739.25581407547	548.3904240089304
86	168.87445	56.64321	313.3591	93.99497	426.54166	860000	189.28838	9.087784	201.00098	178.85027	468.0	0.031941988	-29.898466	29.893103	6813.268268108368	546.645942364737
87	184.9874	55.20096	330.47205	100.64587	446.04544	870000	167.91064	27.17662	200.61845	134.07811	408.66666	0.032695178	-29.848297	29.842926	6895.098358869553	545.5317282990021
88	173.66747	54.52449	296.68976	79.0638	414.625	880000	142.81328	30.063429	184.85347	116.29942	409.0	0.03285495	-29.792778	29.788193	6974.541227340698	544.2255653737169
89	181.3625	51.97811	304.0667	117.824455	441.52173	890000	160.84492	31.964388	200.16277	121.86856	459.66666	0.03122248	-29.745514	29.740955	7056.379353761673	543.1033546824134
90	166.82675	37.521503	270.41464	90.406075	419.30435	900000	238.3915	99.86458	335.21564	100.938896	576.0	0.029543294	-29.717367	29.712914	7133.470088005066	541.6153214423745
91	188.5747	47.993755	286.63794	120.354645	461.0909	910000	164.33812	38.459667	218.72816	137.04214	430.33334	0.028367106	-29.704271	29.699945	7212.927476882935	540.3090362005618
92	166.63261	56.16178	351.86816	57.941883	417.08334	920000	221.8655	17.4358	240.88974	198.76775	464.66666	0.027184628	-29.716715	29.711838	7296.804495573044	539.3290278455486
93	162.52852	47.00581	258.41797	99.53102	430.73914	930000	152.56929	33.77722	199.83319	122.942	478.33334	0.02822125	-29.706625	29.701155	7373.05846118927	537.7840131216578
94	187.3105	41.839424	266.8911	107.322945	435.82608	940000	172.46199	40.79265	209.22131	115.57747	455.66666	0.029887151	-29.73165	29.726091	7451.644399404526	536.4126996047953
95	170.53505	42.55047	262.5409	100.670296	418.875	950000	153.26787	5.0458746	157.28569	146.15169	422.66666	0.030126784	-29.708334	29.70286	7532.2958562374115	535.1894423491077
96	154.25476	56.352367	320.1898	69.1356	411.72	960000	175.99388	80.51752	253.2095	64.90906	367.66666	0.030297728	-29.663351	29.658318	7615.187175750732	534.120767137905
97	185.92502	57.958633	368.80096	79.65821	448.5	970000	185.16692	50.821617	251.89392	128.67584	459.33334	0.029997034	-29.621956	29.617485	7693.561458826065	532.7328638354937
98	179.65729	53.667694	303.29443	95.64414	439.52173	980000	223.18364	56.302425	301.14105	170.17195	483.66666	0.029405527	-29.58963	29.585737	7770.622704267502	531.256858271482
99	159.54701	42.00224	246.16545	99.97866	418.30435	990000	144.49065	53.903133	218.25735	90.9587	438.66666	0.028882308	-29.545765	29.542072	7849.832675933838	529.9297815776835
100	186.63971	62.37144	320.53915	92.14854	464.54544	1000000	144.48807	23.110035	175.84457	120.829346	340.33334	0.02801264	-29.52586	29.521908	7931.8795619010925	528.7919707298279
101	191.7676	66.89134	361.69608	83.48358	458.13635	1010000	156.00606	14.487462	169.78046	135.98383	419.0	0.026447438	-29.506596	29.50267	8011.248577594757	527.4732973572051
102	159.0205	52.094105	256.65393	40.534065	419.5	1020000	175.5142	33.316833	206.12813	129.18938	414.66666	0.025552	-29.532665	29.528196	8093.907288074493	526.3684804214371
103	155.55844	42.80391	251.01343	93.50242	402.54166	1030000	145.11317	22.980318	162.79538	112.65751	427.33334	0.025111288	-29.507355	29.502525	8164.148648262024	524.460681712203
104	166.8263	45.694477	249.45708	92.610214	448.52173	1040000	223.36574	51.34035	283.07025	157.73254	519.0	0.025021326	-29.50168	29.49638	8245.122870206833	523.24818210235
105	180.6923	59.532703	294.6529	36.052704	405.20834	1050000	208.69641	42.788918	261.7861	157.00299	544.0	0.02474148	-29.514448	29.508831	8322.226165771484	521.790370636327
106	193.02171	51.132034	308.80975	124.94613	452.45456	1060000	160.2599	21.526987	183.70226	131.71735	434.66666	0.024795612	-29.54478	29.539526	8397.23226261139	520.2058979558494
107	166.1946	49.945778	279.06912	107.04487	427.70834	1070000	121.12481	20.425213	140.21901	92.806915	389.66666	0.024394482	-29.578102	29.572361	8481.694446086884	519.2065291033728
108	178.57584	52.622646	278.81284	44.345177	404.64	1080000	191.72192	27.732456	227.00377	159.24768	426.33334	0.0248333	-29.619514	29.61307	8565.501546621323	518.1599700465615
109	194.2937	75.070045	378.16196	52.459583	452.68182	1090000	178.87886	31.508902	215.92352	138.90924	412.33334	0.023956487	-29.670778	29.663113	8642.267545461655	516.6860259647399
110	201.22101	54.48112	331.29495	120.896416	490.5	1100000	259.70285	68.284515	327.1682	166.13303	554.6667	0.023618978	-29.74949	29.741154	8719.064742088318	515.217461976138
111	179.54933	53.966057	275.14862	62.314457	447.04544	1110000	163.06862	20.348703	180.38869	134.50592	435.33334	0.024026128	-29.820787	29.812086	8794.954076766968	513.6992695932989
112	192.77922	60.508762	310.5353	114.31814	480.7619	1120000	172.6082	11.975852	189.39069	162.24394	417.33334	0.024667816	-29.83706	29.828304	8872.63142156601	512.2888379758313
113	176.9397	35.52784	243.06776	119.238594	447.69565	1130000	156.22581	41.310646	194.27785	98.80856	432.33334	0.024992539	-29.815426	29.806572	8955.917474746704	511.20059916783225
114	181.05193	35.83437	257.6741	92.857956	427.3913	1140000	157.82274	57.60884	239.27325	115.50771	383.0	0.024899993	-29.81525	29.806683	9033.790186166763	509.8016098672884
115	167.9275	57.47328	271.01917	73.72777	441.30435	1150000	147.67314	38.21782	201.70792	119.61438	335.33334	0.025529623	-29.789856	29.78122	9113.593490362167	508.51210046937496
116	165.63359	40.70262	257.6822	109.998535	453.27274	1160000	153.36163	89.30785	279.6249	87.57928	371.33334	0.026241466	-29.757217	29.747929	9196.491725683212	507.3926468684756
117	175.25137	71.08392	362.25403	50.37746	450.77274	1170000	160.87505	2.0164807	163.69331	159.08868	375.33334	0.026878975	-29.744253	29.735	9270.679929494858	505.7935060598232
118	183.50674	60.20655	370.02112	95.77844	430.56522	1180000	206.8853	93.933716	323.9638	93.988144	508.66666	0.027375294	-29.776157	29.767065	9347.920012235641	504.36517576282307
119	180.00925	64.5091	326.06534	58.363235	444.63635	1190000	217.88307	78.95685	329.38565	156.96877	495.33334	0.027436588	-29.756971	29.748083	9429.01795077324	503.14507546084263
120	184.83545	59.752995	335.55737	54.916313	452.0435	1200000	186.15686	28.197395	212.94142	147.17982	443.66666	0.02712487	-29.753685	29.744942	9507.694973945618	501.79501243829725
121	183.52232	64.78424	369.48706	78.45039	434.95456	1210000	185.20625	78.224655	293.12823	110.19107	471.0	0.027253103	-29.817816	29.808327	9582.452650308609	500.24098542642986
122	190.07507	61.70802	323.17093	99.04409	455.65216	1220000	162.85928	45.346382	224.31522	116.26255	439.66666	0.026556745	-29.860819	29.851362	9669.271297693253	499.3148292578635
123	167.6046	55.748486	332.53772	86.43045	414.91666	1230000	172.35847	10.518244	185.59142	159.85837	463.33334	0.02668792	-29.914133	29.904003	9746.238585710526	497.8769575140017
124	195.29472	51.531425	331.36053	95.84921	483.75	1240000	181.12599	56.27647	231.70201	102.6204	406.33334	0.027547676	-29.972496	29.961576	9826.189239263535	496.59235934339546
125	175.08546	48.879135	286.35596	88.40162	434.17392	1250000	146.93224	27.234253	182.55893	116.445656	444.33334	0.02823518	-29.972837	29.962933	9905.2445936203	495.2622296214103
126	174.85207	61.202118	326.0848	56.9361	427.08334	1260000	143.77718	11.208727	159.56065	134.61473	406.33334	0.028744703	-29.880966	29.872616	9989.539963722229	494.19152724686126
127	183.21613	64.88556	332.12582	93.32884	444.45456	1270000	127.25356	48.942837	195.9544	85.60608	362.66666	0.029600019	-29.773275	29.766523	10067.575318336487	492.8091329899986
128	185.46228	54.46307	334.20514	99.19542	464.0	1280000	163.14406	60.572266	248.79094	118.920685	436.0	0.030115647	-29.61944	29.613857	10149.319757699966	491.60767571739854
129	156.00208	30.619745	199.48116	74.06889	420.41666	1290000	206.49144	22.861326	231.23337	176.09721	449.33334	0.029946879	-29.50142	29.497099	10224.12416934967	490.0710680085867
130	174.77983	47.6067	253.53873	44.675953	439.27274	1300000	138.22508	45.09551	186.42696	77.96005	347.0	0.029435057	-29.372581	29.369995	10301.709487915039	488.6708346379109
131	180.46971	49.69981	296.38525	57.923515	428.75	1310000	163.96678	7.5543566	173.62483	155.18251	446.0	0.029012365	-29.27105	29.269941	10374.00655412674	487.02397175990893
132	174.4962	53.63324	281.4538	92.595406	428.52173	1320000	178.3824	33.814335	220.04836	137.22517	423.66666	0.028339135	-29.18893	29.188358	10454.798163414001	485.77850048903264
133	174.54259	51.65524	278.09882	86.09205	428.52173	1330000	178.09863	16.05916	193.64232	155.98662	409.0	0.028358435	-29.147274	29.14626	10530.445892095566	484.2949426126659
134	182.31938	36.593403	261.14502	110.15929	441.0	1340000	181.29866	38.526386	216.68744	127.7274	433.66666	0.028322669	-29.164757	29.162485	10610.900059700012	483.0335101478135
135	171.4023	52.218033	331.53925	111.919495	428.47827	1350000	146.55476	37.513264	195.65508	104.60526	400.66666	0.02892518	-29.248398	29.244762	10690.340243339539	481.7252084531902
136	156.35287	41.466423	243.84084	94.44418	402.16	1360000	180.30579	57.989292	255.2795	114.037964	445.66666	0.029144071	-29.324448	29.319624	10767.58376288414	480.31868741944726
137	170.77283	42.43822	240.18858	97.4304	424.375	1370000	169.93396	34.958954	195.21083	120.49874	433.66666	0.029334722	-29.416187	29.410213	10847.127599716187	479.0154888504613
138	179.79361	50.014534	278.8884	102.63379	469.5238	1380000	161.28867	27.550991	194.9679	127.48238	402.66666	0.029551405	-29.484419	29.478008	10922.347693920135	477.52293052748206
139	172.58467	48.993107	263.3319	72.97844	426.91666	1390000	198.50114	8.607698	210.34343	190.13895	423.33334	0.02897473	-29.52367	29.516571	11003.823013305664	476.30456923969643
140	185.73978	47.873405	276.5383	83.68979	456.7619	1400000	196.51062	50.115253	253.28569	131.38412	498.66666	0.028461352	-29.579285	29.571209	11078.72933101654	474.80268557412285
141	198.30736	52.68158	314.47894	111.226364	480.85715	1410000	208.53076	47.285973	259.05865	145.33076	497.66666	0.028075008	-29.605492	29.597046	11157.51285648346	473.46892613891174
142	153.75966	42.84189	268.04825	88.66793	398.3846	1420000	202.13354	31.71897	246.91476	177.48006	444.66666	0.027875135	-29.615358	29.606537	11242.80801653862	472.4090691994613
143	182.95444	43.64634	254.52995	88.45492	430.69565	1430000	221.2367	25.318743	249.54092	188.09218	544.0	0.027617494	-29.619171	29.610239	11318.212642908096	470.93262391348816
144	166.5933	50.086784	257.0294	97.859604	426.9565	1440000	144.82455	26.069328	180.01544	117.70988	427.33334	0.027571015	-29.628176	29.619387	11398.410491228104	469.6567285344556
145	187.48697	70.77031	371.10208	98.74216	437.52173	1450000	190.2216	6.3872848	196.88641	181.60892	430.33334	0.027014479	-29.627111	29.618662	11478.676413297653	468.3827731473692
146	190.82462	41.775394	274.28308	104.96846	437.86957	1460000	209.76721	6.974632	219.5604	203.85162	443.0	0.02703421	-29.600264	29.59215	11556.98168849945	467.02871200205533
147	175.93794	58.27076	322.71378	90.24281	442.45456	1470000	212.94019	19.112774	233.1467	187.2896	450.0	0.027140025	-29.573149	29.565262	11639.668281078339	465.85066925168303
148	182.84673	67.48189	337.46158	86.45839	451.9565	1480000	231.47798	35.601532	271.14716	184.7925	508.33334	0.027623326	-29.549997	29.541697	11716.705444812775	464.44598153947715
149	178.36981	51.203083	297.99692	103.32386	436.18182	1490000	163.5669	58.77138	230.2154	87.23572	382.33334	0.027971657	-29.58215	29.572765	11794.124853849411	463.0579220767789
150	189.03331	68.77536	358.81564	96.42293	475.0	1500000	147.86989	67.04962	206.0577	53.936863	382.0	0.028092347	-29.626223	29.615345	11866.415825605392	461.47172651423347
151	204.262	53.79958	327.50534	94.34464	488.0476	1510000	149.66914	31.827349	194.67142	126.41492	393.0	0.027900007	-29.731499	29.718405	11948.775158166885	460.27842492099364
152	183.12944	48.69079	251.78514	82.41024	433.0	1520000	174.81343	31.14197	200.18523	130.95163	361.66666	0.027583772	-29.88864	29.87362	12026.179794311523	458.8937026321888
153	176.05568	44.420765	301.73203	114.82794	443.86365	1530000	240.16986	54.408653	313.0889	182.43683	494.0	0.027700335	-29.974873	29.958136	12100.051072359085	457.3766581367044
154	188.9417	56.31182	300.59348	78.81127	461.5	1540000	167.27875	40.688683	209.88744	112.48219	406.66666	0.028026734	-30.136837	30.118	12183.843945264816	456.23484900586016
155	191.00713	66.888145	324.46094	94.76884	467.27274	1550000	212.55774	39.42646	263.7917	167.88872	485.66666	0.028488064	-30.229807	30.209234	12264.956708908081	454.9903294886312
156	173.77902	47.6406	257.88596	86.23413	424.47827	1560000	187.04903	10.133248	197.72748	173.4332	427.66666	0.028843762	-30.3493	30.327612	12341.430147409439	453.573928450723
157	204.52283	74.612335	411.43924	114.39588	484.42856	1570000	183.17378	36.855667	233.07045	145.17738	449.0	0.028270736	-30.431488	30.40903	12417.686498880386	452.15142981641617
158	165.86913	38.617737	266.71344	95.03154	428.86957	1580000	165.29897	25.2248	198.67067	137.69601	432.33334	0.028035905	-30.452297	30.429234	12499.288208723068	450.92368850813637
159	167.80203	49.46515	285.059	87.823616	409.64	1590000	156.93985	30.951492	182.33818	113.366974	481.0	0.028166529	-30.490114	30.466715	12579.975521802902	449.6615987975143
160	175.09146	49.911728	261.15308	89.29787	425.52173	1600000	176.12726	29.383625	197.61307	134.58069	419.66666	0.02794894	-30.492966	30.469938	12651.66023683548	448.0796333541473
161	155.22527	50.42464	298.64764	94.514175	416.25	1610000	117.02517	34.317505	165.4434	89.93642	311.33334	0.027538305	-30.443874	30.421743	12726.763554811478	446.62244768912745
162	176.27798	46.59945	294.72748	109.292366	442.21738	1620000	191.52956	37.474907	239.1992	147.6384	471.33334	0.027359592	-30.384186	30.362993	12808.626690864563	445.4028622623334
163	167.07011	51.89601	307.02588	85.1144	421.13043	1630000	146.57784	15.152534	160.15521	125.43157	429.0	0.027559223	-30.327345	30.306892	12888.960866689682	444.12881510767227
164	170.9915	64.05653	396.4299	95.24352	440.30435	1640000	157.1468	3.314785	161.45732	153.39584	405.0	0.028376738	-30.221418	30.200739	12965.76418375969	442.7334111120643
165	185.17569	68.124146	405.29	101.2138	438.0435	1650000	181.52498	41.04226	229.494	129.23976	366.66666	0.029370995	-30.222189	30.200731	13045.693409204483	441.4451809862648
166	176.87553	52.553684	337.2724	99.05899	430.0435	1660000	159.97679	4.91055	165.551	153.6027	439.33334	0.030400584	-30.27543	30.252571	13128.57052898407	440.2552767351928
167	169.88565	42.810543	271.90704	90.622574	445.86957	1670000	111.52494	30.856104	154.81474	85.12149	328.33334	0.031117823	-30.343035	30.318771	13207.529186487198	438.932856158011
168	193.95078	81.201035	405.3905	94.04586	449.31818	1680000	172.9478	53.21496	227.82668	100.910385	468.0	0.031703174	-30.403326	30.3784	13292.16254401207	437.79741709279637
169	160.12846	48.0374	282.30734	91.3903	414.54166	1690000	221.16277	94.842224	347.55624	119.093285	561.3333	0.03289703	-30.43088	30.405691	13369.671044111252	436.4261454760676
170	170.66068	69.78051	402.8779	83.089645	443.9091	1700000	166.66103	24.744802	195.73215	135.25507	463.33334	0.03369198	-30.414812	30.38946	13445.746128082275	435.0094335170353
171	164.24826	46.885757	258.30997	53.114456	420.33334	1710000	158.14223	52.465363	230.1638	106.68503	365.0	0.034408778	-30.37881	30.353306	13521.816896915436	433.594323467
172	184.47083	56.328026	309.04376	79.11886	453.63635	1720000	236.95815	73.29849	340.56702	182.34239	453.66666	0.034541942	-30.332352	30.307253	13602.2698366642	432.32020408072214
173	182.42862	56.47548	322.63782	90.88028	463.13635	1730000	151.40154	11.538926	160.02315	135.09193	406.66666	0.03464895	-30.271444	30.247406	13679.22302889824	430.93506071443505
174	173.84703	33.640266	235.24667	109.961044	429.69565	1740000	141.64595	23.283667	174.29749	121.63209	387.66666	0.034283448	-30.193214	30.17046	13757.23994231224	429.5843123376598
175	169.80368	68.75036	351.59195	76.86945	445.86957	1750000	183.16035	24.93616	216.85564	157.30222	476.33334	0.034804143	-30.085392	30.064009	13842.105623722076	428.44612642640163
176	171.09749	53.189514	296.6429	91.91376	431.3913	1760000	221.69348	24.881006	254.07852	193.58444	488.66666	0.03463997	-29.945198	29.925114	13918.049602031708	427.0310673058033
177	176.35469	49.95211	310.87808	103.737305	437.3913	1770000	161.60469	52.970116	231.88574	104.0102	434.66666	0.034927752	-29.862568	29.843464	13995.620193243027	425.66716779241455
178	176.03702	42.996178	252.07857	44.97039	424.34784	1780000	181.31433	78.20452	264.25754	76.48471	397.0	0.034726713	-29.8142	29.7952	14073.236990451813	424.3054597885421
179	175.07751	45.567886	277.0121	75.80211	434.73914	1790000	204.77167	14.836401	225.65482	192.56972	458.66666	0.035652004	-29.806093	29.78677	14144.674458026886	422.7598231369557
180	171.26247	53.84668	328.5324	44.356403	465.0	1800000	152.0341	20.002827	174.3289	125.80771	289.66666	0.03571879	-29.780878	29.761673	14228.27564406395	421.5785375736378
181	179.01006	72.33242	413.71915	76.0372	428.34784	1810000	121.83274	33.97688	159.13147	76.94893	354.66666	0.035821095	-29.752142	29.732695	14301.782067775726	420.09838667036644
182	187.63861	60.03262	310.62265	109.55033	438.91306	1820000	175.08238	38.750626	219.00044	124.7364	413.33334	0.03594201	-29.76306	29.743017	14374.35699415207	418.593912432351
183	182.05699	49.617153	268.87805	60.854122	442.13635	1830000	174.26599	27.500973	201.41669	136.57457	393.66666	0.035895426	-29.815966	29.79521	14457.72595858574	417.40429221943214
184	173.66388	62.519226	395.5031	65.85409	429.625	1840000	219.48003	44.331573	282.17365	187.87903	494.33334	0.036167704	-29.84852	29.827475	14536.949651002884	416.0938486857691
185	180.68091	59.607677	311.6852	56.47177	417.125	1850000	200.50397	70.41636	254.21321	101.025764	392.0	0.036254734	-29.8509	29.830105	14611.495544433594	414.6505492068626
186	187.2909	58.519466	339.9974	83.89615	436.30435	1860000	137.2329	48.4854	171.85837	68.66532	368.33334	0.036279608	-29.859337	29.838964	14691.570117235184	413.3649656373113
187	176.83025	51.491615	320.5281	79.977	428.17392	1870000	165.89595	35.93306	214.33278	128.36655	430.0	0.035948016	-29.840857	29.820963	14762.859955310822	411.8337937356317
188	183.9514	52.44947	309.98047	99.08492	428.47827	1880000	202.78902	55.858475	268.96048	132.33676	480.0	0.035770588	-29.809761	29.790411	14843.307253599167	410.55956230721574
189	174.80893	39.624855	265.62308	124.25716	465.95456	1890000	196.01295	47.88452	231.70389	128.32767	485.0	0.036144897	-29.759937	29.741297	14924.749073028564	409.3119013593731
190	166.92223	42.585335	310.90134	98.624756	415.375	1900000	99.77654	30.731112	136.18884	61.02264	287.33334	0.03602374	-29.677193	29.6592	15000.707346916199	407.91397168197125
191	168.60368	54.12651	288.6678	98.98506	408.375	1910000	175.53914	9.011864	187.8973	166.66234	384.0	0.036696915	-29.64062	29.623116	15072.466156482697	406.40419213884167
192	196.24039	60.876022	329.80167	102.53375	496.6	1920000	172.35432	51.77283	245.33792	130.79448	356.33334	0.036838893	-29.610672	29.593359	15152.952298641205	405.13101629234023
193	198.49443	51.120598	313.23056	88.80022	470.77274	1930000	197.82222	17.152924	215.6522	174.66283	443.33334	0.036653854	-29.636948	29.619835	15232.459725141525	403.83118612484196
194	154.86707	39.823315	235.37457	72.369354	384.6154	1940000	149.75775	68.18231	208.30513	54.133507	300.0	0.03571394	-29.629038	29.61174	15306.855271577835	402.39671072259387
195	178.36765	43.921608	292.7207	125.916824	439.13635	1950000	192.83923	38.354942	224.424	138.85713	503.33334	0.0349409	-29.613304	29.595652	15383.815245389938	401.03108115216605
196	189.68628	67.95632	395.4223	94.133156	469.0909	1960000	201.07043	25.93369	226.68318	165.53029	455.33334	0.034014516	-29.654203	29.635895	15462.641286611557	399.7145366298909
197	198.82826	60.513775	307.68387	85.284004	467.2381	1970000	172.04549	54.080288	240.73833	108.578865	447.0	0.033794634	-29.741722	29.722786	15538.112960577011	398.31203272130887
198	161.16121	50.3232	286.89114	91.14751	382.26923	1980000	180.63966	32.16794	203.71864	135.14897	437.0	0.033648424	-29.79314	29.773676	15619.662202358246	397.06548693200153
199	183.89873	67.1856	402.18094	95.11784	443.13043	1990000	161.06897	5.2279353	168.2227	155.87498	389.0	0.034591615	-29.865965	29.846052	15697.352167844772	395.72051945010224
200	180.65918	68.82618	322.70828	80.66335	464.33334	2000000	218.21367	54.165886	293.96484	170.47734	531.6667	0.034801755	-29.895113	29.875025	15769.106893539429	394.2276723086834
201	176.20003	39.27605	258.94626	111.642265	446.43478	2010000	206.86816	13.041209	221.04489	189.56339	452.0	0.03469406	-29.876875	29.8568	15851.63013100624	393.0047602665365
202	178.51396	45.6524	267.84338	94.15173	416.375	2020000	201.07838	60.20823	278.36655	131.4916	504.0	0.034679018	-29.913795	29.893917	15926.265326976776	391.5863916794459
203	191.7324	42.35143	271.00235	113.45737	456.4091	2030000	160.75415	14.76545	176.63237	141.07028	465.33334	0.03455792	-29.911089	29.89174	16004.139017105103	390.24870999975155
204	178.2991	49.837013	279.5026	97.20252	428.86957	2040000	204.34303	49.81619	274.72574	166.47102	497.0	0.034243476	-29.938574	29.919727	16081.198920488358	388.89173857698256
205	192.54698	53.41651	297.4079	100.48399	453.9091	2050000	210.16054	42.65491	261.82632	157.36198	487.33334	0.03400223	-29.907446	29.889532	16161.11281490326	387.603925212612
206	169.24852	43.358128	276.50107	95.84286	406.45834	2060000	170.26997	48.304054	237.1314	124.7114	419.33334	0.034277517	-29.835642	29.818913	16240.9399933815	386.31362117343735
207	168.05746	46.329536	274.8495	87.51977	459.04544	2070000	238.90627	52.180656	299.4217	172.07474	493.33334	0.034101393	-29.732658	29.71687	16316.655783891678	384.9259375467776
208	155.49797	50.493767	314.30432	86.67425	436.6087	2080000	170.325	45.7429	208.53926	106.0142	395.33334	0.03405641	-29.613672	29.598652	16394.461472034454	383.58836134259514
209	165.24672	44.56393	301.46796	54.053757	422.58334	2090000	206.75702	28.744324	247.33093	184.3085	482.33334	0.03412443	-29.529453	29.514994	16473.465981006622	382.27899523089377
210	161.06383	43.78929	235.05911	58.005936	397.76	2100000	195.04005	22.886194	225.97278	171.32494	500.66666	0.03312577	-29.459743	29.445734	16553.478788137436	380.9927657367691
211	176.50089	47.895683	281.58154	108.01959	438.52173	2110000	151.08156	32.82004	194.31476	114.83962	320.33334	0.033866204	-29.421705	29.408041	16637.131306886673	379.78917436134566
212	155.11903	51.625793	255.59607	44.60705	386.96155	2120000	198.6758	35.912777	244.97125	157.44109	506.66666	0.03371873	-29.362274	29.349052	16708.336942911148	378.30196849715037
213	198.57002	45.60862	320.37155	114.32715	447.31818	2130000	179.96098	54.836597	256.51743	130.96312	520.0	0.033552382	-29.340923	29.328161	16787.730881929398	377.00146814084763
214	163.21777	49.132275	285.66843	93.1354	442.08694	2140000	229.1386	59.545406	289.14877	147.97133	512.3333	0.033437595	-29.291285	29.279154	16870.003829479218	375.76488277960414
215	186.68636	58.943394	299.9103	91.860344	466.0	2150000	148.09442	23.998867	165.33397	114.156334	396.0	0.034717035	-29.234972	29.223291	16945.026676416397	374.36686841138567
216	186.97444	50.661236	269.41904	88.055534	443.08694	2160000	248.993	43.01802	308.82544	209.54343	602.3333	0.03516786	-29.273933	29.262604	17024.67421603203	373.07156458967995
217	195.35661	64.87752	352.54422	104.63179	463.61905	2170000	168.0923	17.73367	192.93646	152.7037	468.66666	0.036212258	-29.295464	29.284489	17104.049409866333	371.7700447507534
218	186.16138	64.762634	387.2151	89.25722	449.5909	2180000	196.3893	63.993767	284.18582	133.47441	432.66666	0.036044594	-29.278662	29.268112	17182.46474313736	370.44763434983173
219	175.17502	42.572105	246.31754	97.37848	439.30435	2190000	136.31697	15.543012	153.92949	116.120926	336.33334	0.035688043	-29.272537	29.26213	17254.150463104248	368.98145204446814
220	181.30461	56.707268	317.5508	101.61445	465.81818	2200000	183.8076	9.387971	195.58485	172.61113	425.0	0.034935404	-29.241903	29.23164	17338.59612441063	367.78840261372653
221	177.00964	56.053703	302.25018	57.379475	443.86365	2210000	239.02875	65.69673	315.69598	155.24525	500.0	0.034273077	-29.232603	29.222366	17411.001190662384	366.34007028120135
222	162.18312	41.01286	243.76602	81.958405	409.24	2220000	164.13435	38.054005	214.5608	122.64105	408.33334	0.03430624	-29.198725	29.188597	17494.819322824478	365.13211497598223
223	184.81035	42.436092	272.97095	108.482155	447.95456	2230000	110.94675	37.083157	160.90988	72.16284	363.66666	0.03452175	-29.198265	29.188171	17575.344957590103	363.85430141915475
224	180.5768	53.41599	346.53848	90.55563	458.18182	2240000	197.16252	25.251696	222.35194	162.6454	453.0	0.034440093	-29.202219	29.192131	17646.33371591568	362.3800673510347
225	191.31789	57.86026	319.30902	114.79021	438.9565	2250000	169.54945	27.453579	208.04019	145.90001	432.66666	0.0346412	-29.209	29.198896	17726.534441947937	361.09607193646605
226	187.4146	54.884098	304.0064	88.46006	442.31818	2260000	191.549	64.75537	253.44223	102.14892	461.0	0.03467197	-29.2555	29.245497	17804.438970327377	359.76521221782605
227	160.08385	46.623077	254.02542	48.283997	395.5	2270000	125.38229	61.31119	202.63306	52.65657	249.66667	0.03410411	-29.231571	29.222136	17889.56485748291	358.5793836881411
228	163.03392	52.668575	264.73013	73.49858	442.77274	2280000	177.80748	15.944472	199.48854	161.6015	410.66666	0.033810828	-29.157986	29.149057	17966.5986661911	357.23061674045545
229	170.96692	52.330673	303.9505	76.953926	403.625	2290000	198.19734	38.083023	250.48442	160.87251	460.66666	0.033242285	-29.122826	29.11452	18044.11842083931	355.8920008580064
230	172.18265	52.36493	283.74957	94.240074	406.42307	2300000	92.81942	30.212112	124.760284	52.272705	307.0	0.033599928	-29.132978	29.125183	18121.68529844284	354.5547123375146
231	173.43245	49.48735	270.48737	45.865753	411.29166	2310000	151.75572	26.202255	188.81113	133.12784	431.66666	0.033964947	-29.126848	29.119577	18199.017451047897	353.2132535407898
232	198.91335	62.39474	296.28635	70.60969	475.0476	2320000	166.44948	20.670488	195.64781	150.62703	404.33334	0.03390821	-29.099577	29.092905	18278.555103063583	351.91471029924253
233	173.41222	54.09919	304.65826	92.60988	453.5909	2330000	190.08772	25.932865	220.89778	157.45407	440.0	0.03472561	-29.072813	29.066702	18360.133331537247	350.6549069574975
234	194.133	62.91034	392.59665	108.08457	461.18182	2340000	207.86658	64.98112	263.5637	116.71563	485.66666	0.03490927	-29.03341	29.027767	18434.344838142395	349.25468138381626
235	167.45612	45.06821	251.5031	79.18697	419.91306	2350000	150.68631	25.710001	176.59421	115.63956	350.66666	0.034931354	-28.999922	28.99459	18510.055537462234	347.8840224946644
236	176.83571	44.903427	290.5914	100.868675	440.73914	2360000	190.18628	81.08685	304.663	127.12313	470.0	0.03527245	-28.99106	28.986128	18587.639637708664	346.54921357106355
237	184.24307	54.185917	305.04745	83.780846	438.13043	2370000	174.78954	23.03588	194.95076	142.54767	403.33334	0.03524294	-28.995485	28.99077	18660.72507929802	345.13155383557375
238	164.31136	51.83755	309.09335	73.80243	423.83334	2380000	184.85402	60.887665	267.72174	123.155235	419.66666	0.035345025	-28.975565	28.971027	18744.697202920914	343.9153128048285
239	209.99751	66.967896	408.7892	93.40082	474.57144	2390000	163.21666	37.256504	210.60457	119.57628	489.33334	0.035302255	-28.984331	28.980001	18823.593544483185	342.60515445336137
240	166.62787	59.28276	386.97153	89.19181	445.5909	2400000	213.34596	33.33329	256.80258	175.79665	464.0	0.034887616	-28.987331	28.983248	18898.679569721222	341.22615888052513
241	168.02882	44.650776	275.3312	108.747314	438.52173	2410000	187.41383	62.475708	274.03183	129.01135	450.66666	0.034229226	-28.952526	28.948679	18980.964190721512	339.9771594113499
242	173.32008	55.588158	302.70465	76.21683	399.76	2420000	196.29979	36.249737	246.60101	162.5815	420.66666	0.034114975	-28.942923	28.93929	19062.082050561905	338.7064165797116
243	180.75093	62.07856	327.6634	52.648457	461.0909	2430000	159.27106	39.93177	204.19261	107.17315	393.66666	0.033768423	-28.992199	28.988577	19141.678645133972	337.4081900886875
244	178.09819	60.454185	313.67923	93.895966	450.95456	2440000	192.55177	6.658668	201.8306	186.52153	445.66666	0.034046713	-28.981579	28.978035	19217.57267141342	336.04498658727425
245	201.08452	65.41001	338.86993	63.074486	456.77274	2450000	228.67297	32.208054	272.28226	195.47928	521.3333	0.034287293	-29.003107	28.999609	19291.04230093956	334.6405296936327
246	167.67238	47.330654	268.6904	100.59047	442.4091	2460000	178.912	53.732285	251.4568	123.051926	435.66666	0.034274492	-28.997936	28.994541	19366.57981824875	333.2731215089317
247	174.2019	36.565094	234.98149	111.074	437.6087	2470000	182.87871	42.52866	239.3296	136.681	444.66666	0.034366205	-28.952854	28.949547	19448.872266292572	332.02190844744007
248	182.81117	55.029827	320.74902	86.63248	455.81818	2480000	123.67429	54.04458	164.0776	47.286312	325.0	0.03362692	-28.9555	28.952427	19526.756924152374	330.69507692110153
249	174.68579	51.594826	318.51712	104.99477	412.04166	2490000	165.15752	26.76337	197.16634	131.66043	458.66666	0.03412346	-28.93094	28.928051	19597.8324508667	329.2540793084555
250	175.94612	59.6961	352.21954	78.21943	416.75	2500000	230.62622	27.489279	261.7239	194.87364	516.6667	0.03423651	-28.932652	28.929907	19682.839666604996	328.047327764829
251	175.32356	48.980713	287.11737	111.063385	425.20834	2510000	196.86665	48.591312	261.94553	145.21626	518.6667	0.03401282	-28.941717	28.939062	19759.617006778717	326.7028309728045
252	153.92178	50.308064	269.21518	21.655472	380.73077	2520000	150.41148	8.018941	156.37721	139.07622	391.33334	0.0324307	-28.894917	28.892347	19834.129414319992	325.3216993687645
253	189.59848	64.511154	328.64822	73.1046	440.86957	2530000	165.59734	44.82783	208.69148	103.78275	425.66666	0.031472657	-28.91569	28.913143	19920.482712745667	324.13433661479723
254	190.57787	63.230873	346.02295	95.05387	478.0	2540000	186.59178	30.906034	229.86823	159.64917	427.0	0.030663827	-28.882875	28.880404	19998.49462866783	322.81034634901783
255	167.58516	54.394714	311.80856	106.632805	423.69565	2550000	150.14282	5.715837	158.0291	144.66309	452.33334	0.03084569	-28.872316	28.869844	20073.44362974167	321.4374960127219
256	184.68907	51.77575	295.47818	105.728096	456.0	2560000	156.55598	10.667904	166.25768	141.69943	369.0	0.031232238	-28.837782	28.83524	20148.758592128754	320.0714255331084
257	172.45576	47.12731	250.66385	82.69838	435.17392	2570000	131.52794	15.43972	145.44917	109.99931	397.0	0.031913184	-28.835545	28.832808	20227.39271092415	318.75852324675026
258	168.63098	54.36135	262.9024	73.25891	432.52173	2580000	139.1083	30.609154	166.6502	96.41569	348.0	0.031981073	-28.846376	28.843382	20301.781118154526	317.37926552357294
259	187.84018	48.942787	289.08286	69.52774	461.0	2590000	200.22832	17.887611	222.3492	178.54008	431.33334	0.032049835	-28.863026	28.859816	20385.227643489838	316.14156124798944
260	168.68407	41.285175	244.43192	86.91162	439.43478	2600000	133.61426	24.563292	163.80653	103.64019	415.0	0.032216318	-28.850674	28.847275	20464.270245313644	314.8349268363072
261	169.77986	50.825504	251.10164	76.55457	415.79166	2610000	167.50171	3.0808692	169.95024	163.15636	366.0	0.032557204	-28.881245	28.877567	20541.01470041275	313.49313621779817
262	189.89168	46.51093	307.6475	114.98067	463.1905	2620000	161.22095	6.4744897	166.85666	152.15349	444.0	0.03307826	-28.929821	28.925932	20619.64936208725	312.1804419815389
263	189.93207	54.633846	320.7798	107.38728	459.5909	2630000	183.75945	48.790142	252.74698	148.14447	484.0	0.033591207	-28.980974	28.97683	20693.867535591125	310.80143255086006
264	164.15874	43.41987	252.11757	78.021614	421.52173	2640000	139.32799	18.111542	164.90588	125.36845	421.33334	0.03375081	-29.013712	29.009268	20775.518146514893	309.53423499344575
265	189.1673	79.49475	386.6889	98.14952	468.68182	2650000	188.78773	60.752533	246.83391	104.90769	517.6667	0.03351148	-29.059402	29.054716	20857.29799604416	308.26824080441736
266	174.18155	51.450203	279.1761	94.53233	439.77274	2660000	177.04463	54.259823	221.493	100.6499	426.0	0.033165455	-29.055294	29.050514	20932.235602378845	306.90119867100753
267	169.50723	61.480038	323.3458	81.252495	429.41666	2670000	169.72456	42.75502	220.05994	115.54394	454.33334	0.03290236	-29.077133	29.072245	21017.290984869003	305.6821972032909
268	169.8228	40.575138	251.18245	92.93678	422.86957	2680000	121.91757	38.856186	176.86067	93.64195	348.0	0.03284048	-29.058773	29.053986	21095.125401973724	304.3575306614833
269	163.11711	55.445724	277.709	81.1928	444.0435	2690000	150.69844	11.887559	160.78398	134.0074	380.66666	0.03247131	-29.05117	29.046507	21176.013427972794	303.07677209332974
270	191.97061	67.207634	408.72522	84.12632	454.4091	2700000	153.70795	63.86769	232.1339	75.69225	391.0	0.03220651	-29.074165	29.069618	21255.92341899872	301.78162877471357
271	183.16081	44.689808	282.85983	90.57436	424.16666	2710000	147.80989	37.195778	187.81387	98.22666	419.0	0.03222012	-29.10547	29.101044	21335.995842695236	300.4885023255483
272	197.28877	61.05838	316.07928	99.03557	434.73914	2720000	271.82632	83.58832	350.61307	156.1113	652.6667	0.03192314	-29.12957	29.125185	21418.86228775978	299.2341054774382
273	190.52333	53.58866	345.93433	111.97591	439.81818	2730000	174.12138	17.265022	197.22708	155.73358	410.66666	0.03174082	-29.14778	29.143587	21493.39511823654	297.8632900868871
274	198.3189	56.874405	305.1334	106.833466	447.73914	2740000	158.42676	71.96801	219.75534	57.41906	342.66666	0.03200536	-29.19194	29.187704	21578.449150323868	296.63804791713284
275	165.72841	54.205807	296.5785	82.46342	439.69565	2750000	161.66025	21.419874	189.52176	137.43295	461.33334	0.032307696	-29.209118	29.20498	21658.35696911812	295.3412313840606
276	157.3296	41.843277	230.06848	80.28868	415.16666	2760000	208.46242	74.52651	313.0223	144.70532	504.0	0.032573666	-29.198885	29.194727	21737.086610794067	294.02822467416956
277	170.30351	49.736084	262.21094	86.72604	434.86957	2770000	140.98845	37.148975	190.0648	100.211334	386.33334	0.032947484	-29.185797	29.181742	21811.76670908928	292.6608890441781
278	193.6672	56.834812	303.7692	107.983536	485.2	2780000	153.90324	24.922373	176.84126	119.25941	358.66666	0.03297474	-29.177273	29.173199	21893.787481546402	291.3921355298955
279	170.3892	29.831522	224.40007	108.441635	430.54166	2790000	181.25642	46.5381	214.96289	115.448135	425.0	0.03323691	-29.170551	29.166565	21973.953724384308	290.09819431454474
280	176.95766	56.86913	287.43478	102.15782	441.5909	2800000	180.2754	49.28459	239.80309	119.11415	482.33334	0.033082128	-29.18538	29.181446	22045.04522895813	288.68511608101073
281	175.5185	41.620502	248.58356	101.335594	438.69565	2810000	228.35826	70.59341	307.06284	135.81447	532.0	0.033040572	-29.18826	29.184322	22132.774247169495	287.4897722373229
282	155.15752	43.96869	247.77368	83.24874	404.44	2820000	148.59552	29.555834	189.54048	120.84612	455.0	0.03378904	-29.188427	29.18454	22214.830282211304	286.2194445190418
283	183.632	62.11832	277.7744	80.27077	442.13043	2830000	155.73633	30.527332	198.39256	128.64528	446.66666	0.034755208	-29.177378	29.173435	22290.53209543228	284.8672240578244
284	212.49002	57.380768	357.11496	125.28977	474.90475	2840000	97.12485	8.297066	107.77188	87.53021	217.66667	0.039177813	-29.195402	29.191418	22371.280255317688	283.5796088581354
285	164.72496	50.90373	310.6262	75.772415	389.56	2850000	170.16063	58.4259	246.94922	105.3464	425.0	0.039254487	-29.219925	29.215971	22445.207931518555	282.20583070893036
286	172.3571	51.66168	331.7079	79.911766	422.78262	2860000	181.19469	36.278507	222.95563	134.50311	414.66666	0.038467288	-29.200066	29.19603	22526.259344816208	280.9218822632636
287	195.02959	61.904552	279.5299	72.082054	449.08694	2870000	199.50148	33.885433	241.8846	158.94275	413.0	0.03699348	-29.212349	29.208239	22610.69428873062	279.6793195874849
288	183.9985	44.2536	277.31256	89.24306	463.27274	2880000	201.82771	89.43431	301.72778	84.70086	386.33334	0.037783515	-29.224104	29.219826	22689.91921210289	278.37169402274816
289	186.00983	42.02155	270.00235	98.71529	452.04544	2890000	172.25215	27.325024	205.66377	138.73167	445.0	0.039850414	-29.231731	29.227276	22769.987946748734	277.07424778041815
290	175.57549	43.77872	256.27966	102.889725	438.9565	2900000	195.85124	26.809011	224.71967	160.13217	514.6667	0.04249427	-29.28216	29.277586	22845.518857479095	275.72177930001556
291	198.23387	68.872925	379.72757	105.02925	451.5909	2910000	197.26617	36.275333	248.55984	170.86513	463.66666	0.045297343	-29.304813	29.300182	22928.18012714386	274.455306206973
292	169.26233	44.909603	252.0723	85.81612	429.78262	2920000	160.84242	27.458323	194.6358	127.37936	488.33334	0.0478748	-29.31855	29.31389	23010.73246908188	273.1867781604262
293	166.62909	36.86823	233.88512	108.54067	409.70834	2930000	126.66144	20.88666	156.16237	110.62627	403.33334	0.049850553	-29.310425	29.30574	23080.872492074966	271.77136550698265
294	188.169	52.632015	316.88638	93.22993	448.26086	2940000	175.47815	4.423042	179.03554	169.2437	386.66666	0.05212315	-29.316256	29.31153	23166.506710767746	270.53857041794697
295	162.01556	45.676975	252.87311	104.97406	417.08334	2950000	166.3282	25.569756	190.30032	130.896	375.66666	0.05500401	-29.334969	29.330183	23244.48949074745	269.2158387236002
296	191.60199	67.14279	366.2957	108.23295	441.63635	2960000	201.07043	43.282803	242.28494	141.26974	445.33334	0.05758125	-29.331875	29.327099	23324.80881881714	267.9201012835309
297	169.23236	51.66259	339.483	79.39504	421.58334	2970000	149.11208	19.291649	176.24944	133.1094	396.33334	0.06030895	-29.302542	29.297789	23404.86564350128	266.6210844802
298	152.75383	46.200325	245.92455	78.958466	399.96	2980000	149.06453	16.615465	169.08496	128.4008	363.0	0.06344938	-29.257395	29.252573	23482.126638174057	265.29024500932206
299	173.51393	50.000477	251.53967	71.28301	437.13043	2990000	178.04565	60.269867	258.14243	112.75712	427.33334	0.068469234	-29.231367	29.226683	23560.604288578033	263.9733256305739
300	165.35902	50.84363	247.63185	83.91903	433.08694	3000000	184.56334	14.783182	202.40999	166.2094	434.0	0.07271365	-29.218424	29.213715	23640.572337388992	262.67302595774333
301	183.69771	50.430782	311.58698	120.739204	447.5909	3010000	150.85635	64.05689	238.82658	88.14005	362.33334	0.075382486	-29.222	29.217302	23721.23992037773	261.38021837862357
302	178.61653	54.43811	279.9705	90.93338	442.6087	3020000	177.24355	11.1493435	187.00278	161.63873	402.33334	0.07325844	-29.212454	29.207754	23796.181078195572	260.0244952148949
303	182.05722	55.17962	304.393	100.466606	437.17392	3030000	180.75963	5.115485	185.80618	173.7473	407.33334	0.067087635	-29.246037	29.24132	23873.750856161118	258.6979603096203
304	179.79762	41.780857	280.4512	100.23401	433.73914	3040000	133.79317	24.375902	168.1227	113.90993	373.0	0.060723096	-29.254612	29.249931	23956.37344789505	257.42594273869406
305	176.46223	64.58304	338.2298	89.19643	437.30435	3050000	136.40334	15.236885	157.94705	125.25058	413.33334	0.05717574	-29.235046	29.230444	24032.871631622314	256.0879763872897
306	159.83734	43.164066	253.72568	89.080605	443.4091	3060000	264.29022	63.691017	328.01324	177.2984	556.6667	0.056751464	-29.184635	29.180119	24109.890818357468	254.75592693770892
307	162.58809	33.12961	201.77014	98.25599	433.30435	3070000	168.79591	57.284473	223.56303	89.71431	434.66666	0.056427944	-29.169605	29.165209	24191.57442498207	253.47306535741018
308	170.45883	54.794693	327.14792	76.25709	435.08694	3080000	194.94792	58.35891	277.38077	150.22984	446.0	0.057506748	-29.155828	29.151459	24269.83504152298	252.15413028915205
309	177.24678	54.721077	260.9222	35.844204	427.70834	3090000	158.46828	50.60361	229.91788	119.23582	407.66666	0.057564862	-29.161592	29.157408	24345.64279127121	250.8100201160005
310	168.94012	50.834053	302.77057	70.37932	432.13043	3100000	161.38281	57.110542	238.11108	101.17833	395.33334	0.05809831	-29.14551	29.14136	24427.464123487473	249.5278593186409
311	180.7597	48.7139	289.6154	79.13827	439.54544	3110000	189.31459	15.155048	201.08885	167.91817	454.66666	0.05985947	-29.15247	29.148443	24506.50027513504	248.21696419186912
312	187.00641	53.636204	333.42465	120.6878	458.86365	3120000	172.48756	16.812101	192.40088	151.28079	447.33334	0.06073758	-29.152468	29.148544	24580.45136976242	246.85496032538578
313	169.3084	41.999306	278.51187	91.98247	430.34784	3130000	151.69554	38.12902	183.48834	98.08115	334.33334	0.0639444	-29.151628	29.147896	24661.243220090866	245.5618999988634
314	183.77492	47.890144	279.04373	86.98716	460.95456	3140000	148.40443	15.765909	166.62617	128.16603	417.33334	0.06896996	-29.110004	29.106339	24742.28183412552	244.27093529564561
315	160.3605	39.364365	226.65663	102.228035	426.52173	3150000	155.22115	18.718773	179.03154	133.29659	452.66666	0.07390138	-29.113749	29.110088	24813.294806480408	242.881457088801
316	171.93355	62.369038	296.6048	38.911446	445.69565	3160000	140.63173	44.521072	203.55898	107.34867	344.33334	0.07591358	-29.078968	29.075335	24897.325721740723	241.61961669962113
317	168.1561	61.44806	289.66458	73.2403	435.0	3170000	213.46852	57.780712	272.50284	135.02153	515.0	0.07139313	-29.088434	29.084757	24981.42186832428	240.35752900782444
318	185.09125	58.599792	316.48474	113.0039	445.3913	3180000	152.0592	41.43253	192.3569	95.07215	370.0	0.06502479	-29.092178	29.08856	25060.03355884552	239.04224882038386
319	171.61703	47.46481	270.5849	66.58033	453.5909	3190000	120.13108	41.728477	174.14944	72.544945	319.66666	0.05982814	-29.107115	29.103529	25138.309276342392	237.72382334615247
320	162.49184	46.68758	248.15831	71.34094	436.81818	3200000	199.123	23.14979	227.35959	170.65582	444.66666	0.05662316	-29.087278	29.08385	25209.915580034256	236.34295855388046
321	176.7643	61.504326	341.5925	39.260498	421.25	3210000	193.00067	23.377245	220.71632	163.53435	448.66666	0.054844864	-29.053335	29.050032	25296.2886595726	235.10050206906084
322	195.97925	63.45421	338.0513	91.362236	456.0	3220000	218.17773	59.523373	281.78174	138.62172	496.33334	0.05309241	-29.070513	29.067293	25373.1299200058	233.76900235540379
323	209.07748	85.608116	383.89026	97.68683	498.35	3230000	166.88528	54.745293	240.57323	109.47105	468.0	0.053059366	-29.060678	29.057636	25451.920333623886	232.4556191373905
324	181.44028	49.457443	257.79672	82.59501	449.54544	3240000	168.51341	34.578186	194.86227	119.66295	359.0	0.05444727	-29.065191	29.062134	25529.344152212143	231.12986474390382
325	190.00035	58.674416	337.37085	99.29206	454.5	3250000	173.12541	52.4277	240.84962	113.127716	469.33334	0.059984427	-29.068745	29.065872	25600.395194530487	229.7471363504728
326	179.07355	52.161903	330.3516	89.76894	425.79166	3260000	197.30232	13.00529	212.00844	180.3835	447.33334	0.065842345	-29.048079	29.04516	25685.28778386116	228.4887563488966
327	164.39664	49.15277	310.30673	94.9438	407.96	3270000	134.0754	21.10434	161.16728	109.68455	379.33334	0.0720253	-29.032488	29.02966	25766.668950796127	227.19845709895506
328	170.05055	54.822613	300.62726	91.08425	434.0	3280000	169.64369	66.127625	253.92328	92.40394	450.0	0.07523531	-29.053083	29.050322	25840.831878185272	225.84466884572333
329	168.51627	62.20781	366.92322	76.15673	424.45834	3290000	159.1814	27.127975	196.7501	133.66393	419.33334	0.07804511	-29.05385	29.051003	25924.22374200821	224.5715430456092
330	168.65651	50.193478	262.98737	80.49479	425.58334	3300000	146.85043	36.559986	184.8897	97.50408	368.0	0.07913706	-29.017641	29.014835	26002.50159072876	223.25380152837195
331	160.78175	48.220013	269.64456	60.175323	400.41666	3310000	162.58807	76.26305	266.54248	85.72735	453.33334	0.08131721	-28.977192	28.974457	26074.71151781082	221.88450384435336
332	186.11642	61.60727	306.87463	97.71277	454.56522	3320000	186.30724	12.3405905	201.20612	170.98679	485.66666	0.08343572	-28.946997	28.944273	26158.665170907974	220.61524841929057
333	174.87628	34.75881	250.49123	114.40772	443.5	3330000	177.73528	32.641476	223.40718	149.08926	342.66666	0.085838825	-28.940273	28.937565	26236.911499500275	219.2975085213855
334	166.15196	47.222473	280.96585	78.25348	451.45456	3340000	178.41203	45.740723	240.24878	131.04732	417.0	0.08796578	-28.926521	28.923841	26313.578726291656	217.96676987856924
335	180.4441	69.59787	392.5436	97.37466	459.27274	3350000	146.9906	63.927223	236.91899	93.982834	473.0	0.09070666	-28.939262	28.936544	26397.806330680847	216.69841016744502
336	161.3459	50.695465	264.67807	74.58421	404.56	3360000	149.20636	28.733326	189.82362	127.856346	470.33334	0.09337624	-28.927507	28.9249	26473.154888391495	215.35701396138896
337	183.86339	49.862747	305.89996	104.55953	464.85715	3370000	174.71838	33.024944	220.75952	144.90582	510.0	0.09695658	-28.918247	28.915604	26547.744593143463	214.01000833082153
338	192.971	56.986637	391.35648	96.636734	460.5	3380000	103.586174	23.550007	126.47702	71.190544	349.66666	0.09761752	-28.930502	28.9279	26632.358719348907	212.7436939043406
339	167.41904	52.083366	334.03433	98.7165	417.5	3390000	195.85973	86.54755	312.5058	105.4277	451.33334	0.10030698	-28.919685	28.917128	26708.2115149498	211.4071806171768
340	169.6303	57.70669	328.52386	80.516525	436.17392	3400000	141.28163	35.928566	183.70512	95.85257	415.66666	0.10285271	-28.880396	28.87785	26788.670546531677	210.10721996531768
341	177.51118	65.17564	313.0614	53.528866	428.52173	3410000	181.38881	64.908325	237.70665	90.453606	437.66666	0.10251731	-28.90848	28.90604	26869.68475651741	208.81133314441027
342	175.58731	46.093384	251.19597	100.26007	427.82608	3420000	246.64131	79.83661	338.9164	144.15836	555.0	0.10193707	-28.913021	28.910578	26947.738649129868	207.49233462045999
343	179.19348	56.33691	311.7658	95.365585	456.0	3430000	200.14803	50.386917	270.65646	155.96724	472.0	0.09633713	-28.880058	28.877647	27025.758638381958	206.17318299690186
344	167.0642	41.759754	245.21959	102.81442	409.36	3440000	191.16565	47.10198	248.82198	133.44621	404.33334	0.091526665	-28.907957	28.90565	27110.645270824432	204.90603983041854
345	174.07416	46.20831	281.86942	105.8347	420.54166	3450000	211.46806	76.75457	296.7497	110.67075	552.3333	0.086624	-28.874733	28.872442	27192.157226085663	203.61277149431945
346	196.7756	62.07874	320.91223	73.03464	479.1905	3460000	169.52641	35.68786	210.376	123.43222	391.33334	0.07623737	-28.863544	28.861383	27272.11925625801	202.30762838713235
347	189.09863	43.485756	282.12042	90.970116	434.56522	3470000	132.08812	23.630033	164.72415	109.54637	402.66666	0.069999024	-28.874168	28.871962	27349.319637298584	200.98203190973925
348	172.76271	41.986366	296.9429	92.93555	414.95834	3480000	205.91728	38.036797	252.29787	159.12979	482.0	0.070212916	-28.88988	28.887747	27428.167172431946	199.6686499055775
349	182.08577	50.18434	268.3982	95.42177	422.56522	3490000	126.118225	26.43982	163.30196	104.11699	378.0	0.07302886	-28.869612	28.867556	27506.777703762054	198.353554590452
350	189.97539	54.962532	296.4468	93.576584	444.21738	3500000	187.8593	74.56762	277.19217	94.662224	398.33334	0.07519396	-28.87193	28.869926	27586.681418180466	197.0477244087628
351	190.87694	55.433064	335.45926	93.73242	459.9091	3510000	176.51701	25.442719	204.10687	142.71964	401.66666	0.0788028	-28.857664	28.85569	27670.665580034256	195.77061591868386
352	179.57765	53.821514	292.87204	92.91559	451.72726	3520000	187.96309	17.782131	210.38852	166.89485	469.0	0.08136663	-28.871931	28.87003	27748.88254904747	194.45239664550985
353	184.52592	54.991688	342.34732	89.55839	437.6087	3530000	174.26416	26.754494	212.10059	155.25499	466.33334	0.08553467	-28.837557	28.835638	27830.216642141342	193.1558945351552
354	172.47862	59.648262	304.0036	75.298515	450.45456	3540000	170.64386	86.92706	292.76935	97.39521	455.33334	0.08327398	-28.845556	28.843674	27901.61234688759	191.79074399419648
355	174.1662	57.96162	280.7137	86.59022	436.6087	3550000	154.69893	35.204624	179.82661	104.91282	365.33334	0.077048145	-28.892265	28.890335	27984.60103726387	190.50550001406333
356	164.16866	47.062317	291.63266	86.99572	422.13043	3560000	234.60986	51.07702	304.00555	182.54909	492.66666	0.069750935	-28.904472	28.902575	28062.569402217865	189.18586113211813
357	188.16895	71.69245	348.06464	83.09948	467.13635	3570000	179.61865	28.67488	219.11368	151.90366	455.33334	0.065331616	-28.932915	28.931044	28147.118926763535	187.91027107333377
358	186.83435	58.176407	278.51413	88.84032	472.57144	3580000	186.51123	48.793175	243.40135	124.24611	478.33334	0.060934275	-28.955984	28.954174	28225.01607608795	186.58995729371821
359	190.65025	65.41872	350.34146	94.94786	467.0	3590000	182.02766	50.296486	251.07045	132.69327	494.33334	0.06127874	-28.963133	28.961395	28301.374829769135	185.2596959562023
360	187.76508	51.58445	335.24026	86.69809	462.5	3600000	162.60048	9.028716	173.54323	151.43097	426.66666	0.06145713	-28.987547	28.985847	28384.550902605057	183.97394102922192
361	174.08833	39.681736	248.44139	116.173355	426.0	3610000	193.36232	54.47081	270.37204	153.20471	471.66666	0.06459054	-28.999887	28.99822	28459.247091531754	182.63321078441152
362	175.93166	44.91223	264.07352	90.94682	409.76	3620000	185.80623	62.071648	264.22873	112.437	416.66666	0.069116786	-29.001959	29.000416	28544.94420194626	181.3629051429132
363	159.40866	43.090454	239.64825	90.25179	435.63635	3630000	186.75243	17.25281	207.96721	165.70766	444.0	0.07501922	-28.988874	28.987265	28624.639456748962	180.05397637333755
364	166.61417	54.813255	315.30212	98.40136	416.48	3640000	222.74995	70.15929	321.23767	163.08421	481.33334	0.08165851	-28.991613	28.990065	28703.97663474083	178.74271163748298
365	190.62396	51.813793	341.142	129.83813	469.66666	3650000	152.73827	34.194942	190.01717	107.42197	400.33334	0.087248266	-29.003368	29.001831	28786.007019519806	177.44798846767375
366	161.48701	50.47358	266.79782	74.305595	423.70834	3660000	140.65015	48.398952	204.57544	87.50128	365.66666	0.09213621	-28.984781	28.983322	28864.17258477211	176.12928625681795
367	164.9695	61.498276	363.3431	78.70913	425.0	3670000	178.80339	22.019323	209.64313	159.64738	462.66666	0.0959049	-28.986778	28.985285	28944.197036504745	174.82189853299647
368	172.47145	51.004295	252.08907	83.17641	448.86365	3680000	138.58977	29.086155	179.68434	116.48259	354.33334	0.09694195	-28.993254	28.9918	29023.85651397705	173.51218567568324
369	164.25235	48.11188	325.96292	83.52236	445.3913	3690000	138.00668	49.425323	200.25394	79.34665	374.0	0.09859959	-28.971754	28.970322	29103.28894329071	172.20103213397252
370	163.70317	45.294735	274.4572	83.899796	414.66666	3700000	196.53809	67.17465	288.33664	129.46289	466.33334	0.09920324	-28.94576	28.944307	29180.200405836105	170.87504741458207
371	166.965	47.167187	244.86813	66.68413	408.12	3710000	165.91809	3.7621534	171.21126	162.80519	435.33334	0.09799394	-28.896269	28.894848	29260.584483146667	169.56942489680574
372	159.76819	39.454807	229.78346	72.56648	404.08334	3720000	239.76198	13.11454	257.49518	226.19038	457.0	0.099298984	-28.852863	28.851412	29341.055123329163	168.2641153971354
373	170.23619	56.09015	331.09018	97.2756	432.13043	3730000	177.80476	37.445755	205.28008	124.861145	414.66666	0.101373814	-28.798405	28.79696	29420.66836118698	166.9537480661015
374	197.9129	59.680458	366.2329	116.853	461.18182	3740000	222.18567	101.09402	362.80997	129.54407	524.0	0.10420453	-28.781591	28.780228	29500.76178908348	165.6459886499267
375	179.4658	53.111816	263.83603	86.661644	413.83334	3750000	150.57417	31.295883	173.26132	106.31983	430.66666	0.094310455	-28.788734	28.787388	29584.055646896362	164.3558646996816
376	177.10161	54.846565	276.2474	97.36646	430.56522	3760000	156.3981	36.131256	206.54274	122.82059	442.66666	0.064292416	-28.825644	28.824324	29661.363261938095	163.0323157948805
377	178.91238	49.35375	290.45987	89.058556	465.9091	3770000	145.54935	4.8957543	151.9426	140.05112	493.66666	0.055703618	-28.800043	28.79883	29744.846901655197	161.7425361974486
378	193.7251	52.919155	284.77496	77.3367	467.1905	3780000	161.85307	22.736572	190.26823	134.6124	411.33334	0.053626463	-28.81144	28.810318	29823.169295549393	160.42445564112333
379	171.19423	62.975937	339.34897	83.268814	412.125	3790000	144.61711	21.458155	165.64209	115.1536	369.0	0.0543628	-28.818554	28.817423	29899.740167856216	159.0971222613921
380	180.70035	71.31869	399.27167	68.07835	447.91306	3800000	162.41632	65.497314	247.33362	87.9165	419.0	0.055679154	-28.831617	28.830503	29980.823615550995	157.79380849788063
381	178.60875	56.82155	308.23294	104.57045	446.5	3810000	154.74022	21.371353	174.0912	124.958595	413.0	0.057585057	-28.840183	28.839119	30060.922429561615	156.4851167543458
382	176.26256	59.182953	296.9646	37.31275	420.0435	3820000	158.43623	45.188946	220.44005	114.02885	456.33334	0.061242085	-28.846212	28.84518	30140.857695817947	155.17544537618315
383	170.07454	58.267277	310.52054	50.546486	443.875	3830000	200.96686	19.996544	221.19997	173.74011	449.33334	0.06447168	-28.84374	28.842709	30221.63246536255	153.8699303006068
384	181.27675	43.658493	284.98505	108.198166	451.45456	3840000	187.48357	48.085854	242.96638	125.68901	397.33334	0.06835223	-28.799694	28.798613	30301.55843281746	152.55992960486975
385	186.81084	37.475494	258.89276	116.96718	455.9091	3850000	180.38837	10.315671	194.96812	172.65974	439.33334	0.0720999	-28.731611	28.730597	30383.673473358154	151.26071209205693
386	167.33107	39.52883	268.16205	96.11143	432.0435	3860000	172.77606	26.764708	209.73474	147.22096	443.0	0.07605569	-28.708508	28.707508	30461.62238240242	149.9406283036415
387	183.8286	59.310177	300.35312	89.838715	449.95456	3870000	164.06909	27.259176	195.66351	129.14236	389.33334	0.079274006	-28.679861	28.678917	30543.742735862732	148.6409530142481
388	167.32768	52.379585	282.76935	77.52153	420.79166	3880000	161.71695	40.007652	203.4634	107.77042	437.33334	0.079970345	-28.68513	28.684145	30621.022830486298	147.31763560599887
389	178.60463	48.5565	283.6587	101.287415	449.9091	3890000	200.81355	25.57428	224.6992	165.3511	498.0	0.081400864	-28.65853	28.657589	30701.995032072067	146.012058630149
390	183.95558	59.715508	319.91507	77.66813	445.73914	3900000	167.15599	57.448143	246.82077	113.51871	459.0	0.08214036	-28.649086	28.648167	30783.12558579445	144.70700061249937
391	205.90158	59.02814	370.35825	115.19302	460.14285	3910000	153.7827	5.679624	158.00162	145.75397	411.0	0.082198195	-28.69987	28.699041	30861.40291070938	143.3884448907666
392	182.29713	72.90109	368.25024	72.13383	424.16666	3920000	195.54097	25.482092	231.56265	176.61613	468.0	0.081097975	-28.72473	28.723833	30936.44967842102	142.05512606890835
393	170.81866	68.131905	375.6745	53.536415	436.3913	3930000	191.96004	22.06144	218.91035	164.87161	461.66666	0.079973355	-28.76811	28.767273	31015.941150426865	140.74239622426296
394	170.13469	41.23768	264.3589	100.33532	440.68182	3940000	214.15837	20.038937	242.49771	199.97496	480.0	0.07999603	-28.774443	28.773672	31093.328357219696	139.42016944857014
395	174.32512	62.93753	385.79346	79.62968	443.6087	3950000	155.21063	28.532751	192.23293	122.80023	429.66666	0.07971414	-28.759874	28.75907	31155.361707925797	138.0300835119018
396	183.6219	53.445568	283.1604	71.52072	444.26086	3960000	179.63568	37.75107	223.5556	131.38893	451.0	0.07913769	-28.760307	28.759552	31224.826043367386	136.67432274248463
397	190.62294	50.007076	293.9577	110.64726	439.9091	3970000	197.0379	20.8444	225.10085	175.19061	406.66666	0.07948247	-28.761333	28.760513	31289.152083158493	135.29734107857487
398	199.57153	51.28757	286.0916	118.029816	466.4091	3980000	150.82664	46.559345	213.01273	100.98988	362.0	0.07923681	-28.823168	28.822517	31352.97476530075	133.91974145575384
399	153.45958	38.727257	257.9234	79.828575	415.08694	3990000	170.95097	43.309082	224.59532	118.53138	410.0	0.07791377	-28.834084	28.83337	31417.352989196777	132.54605897194958
400	177.47765	45.2741	276.84415	92.00415	426.29166	4000000	164.14795	45.7132	210.4752	101.934555	438.0	0.077067934	-28.82154	28.820848	31484.80001473427	131.1866667240858
401	171.71638	51.33306	284.22626	74.96342	441.08694	4010000	193.80518	23.319878	225.07109	169.08614	462.33334	0.07601991	-28.797318	28.796623	31554.299397945404	129.8368927806393
402	185.87062	58.172306	340.66678	87.51066	448.18182	4020000	168.02036	7.7183037	177.29297	158.39684	357.66666	0.0747809	-28.792501	28.79183	31616.898487329483	128.46003530948713
403	188.52097	49.549187	298.8511	119.8924	465.2857	4030000	155.88026	46.243664	208.65892	96.04658	370.33334	0.073748365	-28.775536	28.774893	31681.39704489708	127.092452988524
404	176.11546	50.49949	342.9453	77.23883	445.52173	4040000	196.27612	22.359713	227.27216	175.3587	471.0	0.071404636	-28.744293	28.743715	31747.417425632477	125.73234623540746
405	181.91292	47.84836	325.52707	105.93634	420.41666	4050000	168.3658	19.636839	192.11536	144.02599	464.66666	0.06793362	-28.73158	28.73099	31818.11841058731	124.39182094301216
406	204.1627	53.886093	277.47873	92.56347	445.0	4060000	229.86885	72.447784	317.74887	140.31253	536.6667	0.062116683	-28.782942	28.782358	31882.573565244675	123.02799322838071
407	181.30278	63.59911	303.1366	65.17196	423.20834	4070000	173.14821	40.2904	224.04791	125.51976	450.0	0.060102064	-28.845331	28.844723	31948.916790485382	121.67277892728403
408	165.48631	55.29822	343.42325	94.1422	406.70834	4080000	209.03821	45.182293	259.4974	149.85922	509.33334	0.06027905	-28.839886	28.839357	32011.750542402267	120.30559844008458
409	184.4177	42.107212	274.4512	113.096054	455.36365	4090000	194.71503	33.306984	233.52063	152.19023	436.0	0.061901826	-28.833666	28.833117	32079.60622048378	118.95860497143177
410	170.09653	51.017944	257.7267	94.085815	395.19232	4100000	159.14746	17.411182	173.45238	134.63841	411.66666	0.06414756	-28.821627	28.821026	32142.750636577606	117.5954291547217
411	194.54219	57.817307	353.0029	103.76421	473.9524	4110000	152.1464	27.939384	189.4574	122.22898	398.0	0.065979995	-28.850294	28.84977	32207.71288204193	116.24032629427636
412	171.3853	54.184536	306.59415	84.900925	415.875	4120000	161.39839	19.36775	180.24513	134.76268	452.33334	0.067835964	-28.870192	28.869642	32270.69241285324	114.87948755045153
413	173.0788	55.839294	316.63757	86.762695	424.125	4130000	176.54442	44.408886	233.35294	124.94926	394.0	0.06973905	-28.88209	28.881512	32342.685977220535	113.55180306437518
414	164.42357	45.69773	252.25948	86.25281	413.70834	4140000	165.98119	22.60302	197.0903	144.06172	448.66666	0.07063263	-28.891203	28.890648	32408.472927331924	112.20324765171215
415	163.033	53.81573	297.86285	73.0455	414.83334	4150000	193.74016	19.714703	220.69847	174.10136	491.33334	0.0723159	-28.888538	28.88803	32471.394173383713	110.84612468337438
416	164.67921	56.978447	334.05185	47.210037	425.0435	4160000	165.4806	20.02211	189.52078	140.50368	429.33334	0.07211224	-28.896437	28.895927	32537.51943564415	109.50126732828525
417	163.99998	45.880264	295.62494	78.56085	413.625	4170000	219.94214	45.457893	283.58896	180.28027	455.33334	0.072744526	-28.906443	28.90593	32602.391215324402	108.15341609804084
418	180.18051	60.378967	322.1499	90.26543	444.78262	4180000	167.01677	60.248905	252.15506	121.53213	444.66666	0.07310677	-28.883844	28.883379	32667.01172709465	106.80601920030145
419	163.28758	39.810406	233.66985	98.943794	422.79166	4190000	99.38375	27.001827	126.19614	62.43037	339.66666	0.07273841	-28.88213	28.881662	32736.951898097992	105.4770526503606
420	165.29088	52.24782	274.915	48.225746	402.08	4200000	209.87526	18.942047	227.19257	183.51675	505.33334	0.07412157	-28.904226	28.903767	32798.987847328186	104.12377094087147
421	176.17003	54.686966	267.2911	79.80077	450.27274	4210000	146.16472	57.361942	227.27905	104.63973	343.66666	0.075076975	-28.890173	28.889746	32864.88450694084	102.78408060067245
422	179.35297	59.719437	338.6855	107.85113	459.72726	4220000	172.30144	44.115177	230.22156	123.26233	422.33334	0.07759839	-28.83208	28.831635	32933.24747467041	101.45313202730287
423	161.72133	49.803104	254.04251	50.72464	391.16	4230000	185.33305	10.296277	199.67578	175.9858	399.0	0.07993828	-28.772018	28.771547	32996.685172080994	100.10814650026806
424	190.83711	68.10439	367.62753	79.959236	481.2381	4240000	161.09506	37.01875	209.32938	119.35207	411.0	0.08269515	-28.754778	28.75436	33064.89630293846	98.77877826064638
425	198.23257	58.596893	372.28363	114.020744	457.13635	4250000	131.20084	22.782568	163.31924	112.933876	397.0	0.08590423	-28.75485	28.754425	33133.54177427292	97.45159345093894
426	172.46869	46.90093	257.57156	89.59052	445.9091	4260000	140.65956	20.855927	157.59436	111.27891	410.0	0.08922146	-28.719961	28.719576	33193.24902510643	96.09939075850171
427	176.8294	40.914158	287.6973	121.53361	465.31818	4270000	151.43599	41.879295	186.47476	92.56413	413.0	0.09233382	-28.703661	28.703243	33263.99744296074	94.78032058026994
428	193.7024	69.06049	371.08206	93.93443	462.1905	4280000	150.36418	9.967684	164.00021	140.45164	397.0	0.09560482	-28.705765	28.705395	33325.5064868927	93.43599949328699
429	176.69885	49.160393	265.67316	81.50805	429.83334	4290000	206.4156	37.28112	235.51187	153.79019	511.66666	0.09881599	-28.716135	28.715721	33397.42557859421	92.12188096396572
430	185.48283	53.089333	321.99973	102.554535	463.09525	4300000	157.78192	41.59375	198.94495	100.809975	403.33334	0.101995215	-28.732899	28.732496	33464.136071681976	90.79416763311208
431	172.79514	56.506516	307.75485	74.18651	439.6087	4310000	152.43031	38.273655	205.15605	115.46999	337.66666	0.105495915	-28.768257	28.767939	33529.59704375267	89.46412204058706
432	200.6711	67.461494	399.20447	120.31937	486.15	4320000	217.13019	27.495304	238.97743	178.3496	456.33334	0.108376995	-28.781404	28.781015	33591.03779029846	88.12463617512473
433	174.55272	59.260483	297.44373	79.07573	430.29166	4330000	155.8933	58.532627	233.04123	91.33375	430.0	0.113572344	-28.806593	28.806242	33660.12765073776	86.8063338158404
434	177.81358	46.827213	306.46118	111.163765	453.9524	4340000	152.88599	21.227438	182.68234	134.81937	400.0	0.11829353	-28.819077	28.818682	33726.85936808586	85.48282328074978
435	182.35254	53.637367	310.64822	99.6585	446.0435	4350000	176.80208	38.520203	223.54735	129.20407	411.0	0.124584086	-28.822378	28.82204	33794.84928441048	84.16341775514157
436	171.44397	65.01036	383.28427	88.95578	432.91306	4360000	144.15334	31.720066	188.36198	115.4581	454.0	0.1291306	-28.822361	28.82202	33855.74963235855	82.82752203401805
437	171.48312	41.261665	253.38066	111.13473	413.76	4370000	104.453545	14.98556	116.460014	83.32635	347.66666	0.13279341	-28.833595	28.833233	33927.73787641525	81.51973631403811
438	182.42561	57.733727	368.4057	94.4127	472.90475	4380000	160.32492	32.565063	203.70456	125.24181	441.0	0.13801052	-28.817877	28.81757	33990.573432683945	80.19085056192074
439	172.19632	45.14946	270.65585	79.12074	432.26086	4390000	160.48193	40.051636	215.82626	122.37164	449.33334	0.14296074	-28.79196	28.791584	34057.88199996948	78.87360675605574
440	164.56895	50.276093	316.52274	108.10916	422.875	4400000	252.41187	56.465908	332.24408	210.84935	463.33334	0.14573817	-28.79611	28.79576	34127.54629611969	77.5626052162864
441	179.59325	54.45212	316.1295	94.2693	419.13043	4410000	206.45583	10.041195	217.63307	193.28168	487.0	0.15015708	-28.799572	28.799274	34188.19027662277	76.2321703042483
442	178.34554	53.1624	257.66064	87.7692	442.9565	4420000	155.35393	45.361095	215.65762	106.25367	383.66666	0.15265408	-28.805983	28.805712	34256.57282400131	74.9201064757452
443	161.01689	47.712624	243.19478	76.534805	410.16666	4430000	179.4716	41.16197	235.63339	138.12984	426.0	0.15417556	-28.838943	28.83855	34317.44045114517	73.59270525384972
444	186.11115	52.86791	368.89163	90.71412	424.125	4440000	177.58836	28.541567	205.19336	138.28282	400.33334	0.15767263	-28.840155	28.839817	34383.98220896721	72.27864127860771
445	158.37276	45.311142	281.42334	95.7339	402.16	4450000	204.81761	89.78837	331.7652	138.86214	457.33334	0.15994748	-28.874615	28.87431	34450.8406496048	70.96615114890682
446	192.80556	62.146202	364.58276	97.79116	439.9091	4460000	216.64856	19.2023	243.38588	199.1654	443.33334	0.16094533	-28.89961	28.899288	34511.57537484169	69.64219245755619
447	188.9221	55.65436	323.8882	111.84801	452.63635	4470000	193.24062	66.74165	287.03073	137.16763	529.6667	0.16290931	-28.92739	28.927084	34580.698011398315	68.3362041211146
448	179.90808	54.779274	268.27435	96.28649	425.45834	4480000	175.56734	82.56086	292.32083	116.23628	400.33334	0.16341072	-28.91649	28.916157	34651.04087972641	67.03326360476869
449	180.55199	41.838554	282.63153	94.73806	454.77274	4490000	147.81042	31.04691	172.63333	104.03445	457.66666	0.16503571	-28.936035	28.935732	34714.04536867142	65.71701238877523
450	159.66255	47.196796	249.94952	59.170506	409.12	4500000	198.99025	62.012333	283.4035	136.19003	403.33334	0.16653863	-28.891113	28.890766	34781.289522886276	64.40979541010327
451	175.83618	41.680756	252.47302	94.747536	412.70834	4510000	219.57622	8.571337	231.43155	211.45996	419.0	0.16623934	-28.878817	28.878517	34848.176956653595	63.102759453286446
452	170.06438	35.519825	260.30908	92.31703	459.0476	4520000	273.36484	66.054924	349.27786	188.26186	606.3333	0.16772778	-28.865362	28.86507	34911.12326312065	61.789598694100846
453	185.89897	58.34409	351.71838	99.89626	462.68182	4530000	218.54236	45.757095	268.08374	157.71884	489.33334	0.16585174	-28.886095	28.885784	34982.02351808548	60.491357811493764
454	186.11977	56.63168	318.84644	81.62985	445.0	4540000	150.88716	26.131102	185.8187	122.97665	386.33334	0.1657718	-28.892815	28.892525	35048.302948236465	59.18582729717358
455	168.87718	48.028927	290.5132	94.13209	437.17392	4550000	155.23251	42.3347	187.40814	95.41956	401.0	0.16934718	-28.892685	28.892385	35116.38622760773	57.88415312085833
456	178.8336	37.6912	290.89963	120.28463	467.54544	4560000	218.65271	77.64623	298.59088	113.48529	502.66666	0.16933884	-28.882109	28.881824	35182.26573514938	56.57966709569184
457	196.3836	61.183926	402.0353	94.4923	458.54544	4570000	213.81871	47.17872	279.61963	171.35654	460.33334	0.16968665	-28.884703	28.884474	35250.082830905914	55.279123329246765
458	168.00987	54.205227	284.48798	71.32082	434.3913	4580000	178.97974	44.395	211.26173	116.20422	445.66666	0.17059489	-28.872208	28.87186	35317.16671538353	53.978202401967025
459	167.1526	46.818687	244.48376	51.33811	395.52	4590000	201.37383	63.182003	288.95908	142.26566	492.66666	0.17152454	-28.857353	28.857119	35383.16855096817	52.67646734025397
460	173.40652	71.71537	395.3129	73.944916	451.63635	4600000	124.20434	38.822514	178.58765	90.48403	256.0	0.16947035	-28.8586	28.858356	35448.47547674179	51.374602138477826
461	173.20978	45.28454	315.7496	120.561195	431.52173	4610000	175.21706	24.055473	196.22122	141.53918	468.33334	0.16857809	-28.838047	28.83777	35514.02504181862	50.0740049376405
462	205.39964	56.200092	337.11716	103.33228	473.2857	4620000	137.20207	58.10473	194.43294	57.520885	285.0	0.1658873	-28.849703	28.849487	35577.52348089218	48.77149683397054
463	171.93668	46.679356	271.7179	96.48967	446.0	4630000	192.00288	16.827114	205.3697	168.26886	440.0	0.16679811	-28.88225	28.881992	35650.15321826935	47.48220550870621
464	185.09407	39.71049	247.92116	108.111244	454.33334	4640000	137.65837	23.924004	169.2068	111.29835	443.0	0.16311443	-28.882303	28.882065	35714.85474205017	46.1830018203834
465	166.0382	59.076954	335.7249	85.60817	435.45834	4650000	165.60799	69.59682	264.00647	114.439186	426.0	0.16130704	-28.861347	28.861122	35781.56500315666	44.887267923910564
466	175.3753	58.39175	308.66684	87.47408	434.86957	4660000	148.01303	65.20751	234.2367	76.57914	368.33334	0.16099069	-28.872194	28.871964	35845.63045620918	43.589107134430876
467	170.03209	35.330597	238.73494	103.62883	419.45834	4670000	193.1452	28.722301	231.6136	162.61531	395.33334	0.15828834	-28.849012	28.848763	35915.56261277199	42.29884247644555
468	179.81029	52.405006	299.19012	87.445656	427.3913	4680000	170.11137	13.294586	185.34254	152.9497	398.33334	0.1589636	-28.85288	28.852667	35978.456804037094	41.00109037388424
469	163.91682	38.716724	242.11336	89.97306	414.58334	4690000	161.44003	19.262337	177.55466	134.3618	389.0	0.16031612	-28.846338	28.846125	36046.51574397087	39.71009196991944
