Epoch	AverageEpRet	StdEpRet	MaxEpRet	MinEpRet	EpLen	TotalEnvInteracts	AverageTestEpRet	StdTestEpRet	MaxTestEpRet	MinTestEpRet	TestEpLen	LossQ	LossPi	Qval	Time	remian_mins
1	153.73741	113.49778	518.3189	0.29909393	358.7037	10000	83.88732	87.77284	205.15392	0.29935834	195.0	0.05981078	-14.639979	14.643582	77.33252668380737	643.1488389889399
2	127.42581	79.833435	295.78088	0.29783583	318.875	20000	65.27871	34.379265	92.98735	16.825623	215.33333	0.023363672	-21.961828	21.939344	158.15407991409302	656.3394266963005
3	123.58683	80.680374	269.60535	5.937763	305.28125	30000	170.37744	42.625263	206.02934	110.45546	411.33334	0.03217664	-26.475573	26.43887	235.97137188911438	651.543174193965
4	109.69553	83.34909	288.78506	0.29912195	280.22223	40000	105.00391	46.755306	169.9469	61.76699	300.66666	0.04904357	-29.150452	29.102596	317.10159969329834	655.3433040618896
5	151.17683	78.67831	337.9996	0.29921705	357.89285	50000	191.26994	24.528679	220.03084	160.09389	423.0	0.056846734	-30.310549	30.259798	398.36180114746094	657.2969699263573
6	137.13124	80.19638	238.95677	0.2994861	332.43332	60000	126.34259	39.37249	163.45378	71.8376	358.66666	0.06651683	-31.16438	31.112206	472.7739131450653	648.750868068801
7	120.64815	87.68897	379.33267	5.32909	288.97144	70000	101.0698	50.356686	160.99265	37.78222	304.33334	0.07328243	-31.514519	31.459814	552.1688351631165	648.1410366257031
8	114.73048	79.24074	272.56146	0.29942745	305.9394	80000	176.91223	54.477676	236.64333	104.90559	431.0	0.06595222	-31.15367	31.106094	633.2013149261475	649.031346821785
9	116.30848	79.89716	292.88757	8.79324	291.08823	90000	136.57481	94.32121	265.05347	41.27644	337.33334	0.05956162	-30.630877	30.585917	711.7047996520996	647.1241778590062
10	169.29088	68.53228	293.60815	8.761746	408.20834	100000	61.826733	57.8892	143.25473	13.774445	165.33333	0.05699135	-30.57073	30.522217	788.5838050842285	644.0101067066192
11	152.7198	58.544342	247.43431	25.588825	384.30768	110000	155.16508	34.013153	203.25084	130.0444	385.0	0.054769278	-30.754395	30.706062	870.5187880992889	644.9752830266953
12	134.42049	73.43505	248.62245	11.069856	334.12903	120000	125.78936	88.63103	222.2462	8.241051	330.66666	0.056786165	-30.601963	30.55806	945.3609411716461	640.7446370972527
13	130.80942	80.771	295.0544	15.756495	322.19354	130000	116.941315	71.92829	202.29231	26.339584	285.0	0.05739467	-30.267471	30.228506	1019.548211812973	636.5640753904978
14	126.68	72.50844	288.31296	12.280781	331.4	140000	156.46999	32.31449	199.04556	120.80062	401.0	0.05653895	-29.780441	29.744678	1093.8957257270813	632.8968121903283
15	121.39233	69.030045	234.70576	0.29785264	314.59375	150000	78.21716	60.219032	146.94382	0.2994639	219.66667	0.05654095	-29.408066	29.372452	1174.2432539463043	632.7866418904728
16	125.02348	78.72768	286.8824	5.330459	322.63333	160000	138.80751	76.36871	195.7799	30.861382	323.33334	0.0570874	-29.100182	29.065502	1249.9298090934753	630.1729448169469
17	161.07878	83.24473	276.5723	0.29923055	375.92593	170000	221.98193	49.045265	260.50534	152.76909	505.66666	0.05650645	-28.999502	28.964062	1330.476657629013	630.0198286021457
18	156.74033	70.9478	294.13544	28.1952	390.23077	180000	165.26796	48.855373	233.51506	121.815895	402.0	0.056465708	-28.975319	28.941893	1411.0735187530518	629.756884795648
19	137.31279	70.98099	247.23538	0.29943612	348.2143	190000	135.90929	75.40355	202.60645	30.50407	315.66666	0.05681658	-28.741285	28.712692	1490.6178138256073	628.9361121725617
20	129.31284	75.8405	240.96289	0.2995038	324.48386	200000	232.20845	34.443085	275.50034	191.22734	506.33334	0.055013124	-28.379986	28.360252	1564.0630881786346	625.6252347946167
21	131.501	85.55819	294.23004	0.29923055	327.19354	210000	94.29191	78.02794	204.41801	33.169113	286.0	0.049955003	-27.848286	27.833225	1645.4951009750366	625.5493276158969
22	135.11366	89.62527	314.4423	0.2993019	328.13333	220000	139.93286	88.759544	211.98338	14.8911495	353.66666	0.048700683	-27.622196	27.607006	1723.4740958213806	624.1065282930027
23	134.40741	69.10016	239.6865	17.607122	330.5	230000	35.251667	20.893082	59.121777	8.235345	127.0	0.04937256	-27.57546	27.559803	1799.8732862472534	622.1301139121471
24	127.71892	70.11085	289.73203	12.223339	330.74194	240000	68.7954	15.763114	88.09551	49.483932	220.0	0.05028917	-27.427814	27.41174	1881.1030895709991	621.8090765151713
25	130.50179	84.86549	289.55637	0.29941693	318.19354	250000	79.645836	91.758484	209.40132	13.331567	174.33333	0.046458676	-27.419151	27.401295	1960.7507185935974	620.904393919309
26	134.16345	85.31529	298.36768	8.81921	328.3871	260000	121.23069	22.134108	151.5006	99.190834	355.66666	0.046829965	-27.610443	27.588194	2037.103674173355	618.9661160212296
27	124.39533	82.67895	262.86407	10.529852	303.30304	270000	103.137535	65.2264	175.356	17.328236	304.33334	0.049563024	-27.887299	27.862408	2116.499095916748	617.9654764923049
28	132.29886	59.6461	227.82042	12.219078	340.86206	280000	83.78242	49.70649	135.70332	16.782139	251.66667	0.050813634	-28.005102	27.979069	2193.666844844818	616.3159228075118
29	112.47822	68.32894	213.49968	11.073302	285.5	290000	21.36149	8.292524	32.615383	12.877733	74.666664	0.053084422	-28.074917	28.047405	2273.432621240616	615.3946920431894
30	122.438354	85.25603	324.93982	0.29910278	310.87878	300000	189.73328	35.60226	215.72299	139.39297	442.33334	0.05416428	-28.171852	28.143393	2350.325699329376	613.6961546381315
31	135.64111	72.03324	293.28137	0.29942873	343.55173	310000	130.3293	77.48577	215.96904	28.302639	346.66666	0.059196442	-28.251831	28.22125	2431.92377781868	613.2108877622953
32	121.528786	81.581154	294.26202	15.176002	308.42426	320000	84.81628	46.793827	147.43248	34.96359	288.0	0.06385953	-28.331638	28.302595	2511.870852470398	612.2685200572014
33	117.99935	66.29002	205.21129	0.29880276	309.03125	330000	197.60583	49.44136	267.2123	157.06892	466.33334	0.06794455	-28.255259	28.22726	2590.576999425888	611.0098274736694
34	130.05164	75.7446	250.09575	8.819216	330.76666	340000	83.122	88.72469	207.79398	8.506666	182.66667	0.0714645	-28.200588	28.17268	2669.7661135196686	609.8583373693858
35	120.18556	67.86459	234.61653	8.234586	317.3125	350000	74.37281	56.889393	154.67712	29.975967	231.0	0.07345327	-28.18803	28.159962	2747.9163706302643	608.4671961426735
36	120.36171	81.35995	263.381	5.1345587	310.09375	360000	121.5708	85.56531	214.91455	8.210533	269.0	0.072202235	-28.157589	28.130709	2826.954482316971	607.2717034039674
37	125.24985	85.509895	288.70557	0.29907814	310.625	370000	149.95297	97.899055	247.80894	16.204624	332.66666	0.06894186	-28.0302	28.008299	2907.3333134651184	606.349244906666
38	111.66142	79.28304	311.81357	7.033674	290.34286	380000	224.63286	43.83347	283.44376	178.25632	483.0	0.06941556	-27.881273	27.861153	2989.1655700206757	605.6993390434667
39	108.12577	73.166374	223.98125	0.29890668	280.94116	390000	138.0346	40.21477	194.4215	103.42003	397.66666	0.067686036	-27.72526	27.707462	3066.3327033519745	604.0937503442805
40	119.82664	73.03808	243.39035	10.534342	300.44116	400000	109.3937	97.60532	243.11337	12.877733	285.66666	0.065996185	-27.579512	27.561754	3146.4192695617676	603.0636931498846
41	117.41256	76.07182	256.05386	0.29787192	294.02942	410000	145.34593	23.834106	175.52396	117.25453	411.33334	0.065448426	-27.490871	27.472977	3228.616727590561	602.4126330962995
42	144.13516	78.0716	344.35507	5.0491843	365.7857	420000	193.9056	47.71143	244.73962	130.06337	419.33334	0.06601521	-27.416222	27.400074	3305.8339927196503	600.8222096146098
43	163.73973	67.98692	336.3702	0.29942966	405.41666	430000	70.26794	40.03051	126.0375	33.958244	235.66667	0.06606418	-27.406408	27.390526	3386.0074224472046	599.7695316366447
44	138.92915	77.22107	259.03107	0.29944956	341.66666	440000	153.2403	28.97481	194.00993	129.2937	369.66666	0.0661694	-27.427322	27.41125	3468.3246800899506	599.0742627599024
45	127.64507	71.88566	239.45569	0.29943612	319.33334	450000	144.62074	36.307007	185.98409	97.59323	355.66666	0.06552579	-27.393408	27.378233	3542.0464820861816	596.9004254840038
46	128.69926	76.19456	258.0851	0.2993111	339.86667	460000	130.61557	70.55873	218.62155	45.88161	331.33334	0.06214088	-27.322998	27.30862	3620.6239845752716	595.5664088608562
47	140.09447	67.46225	264.07236	24.289526	357.14285	470000	195.64272	28.512484	233.11876	164.01663	444.66666	0.059111074	-27.206257	27.193037	3700.7769963741302	594.4865173111571
48	124.119995	83.87884	255.17224	0.2994861	307.48486	480000	137.3835	80.66053	210.25299	24.944088	306.33334	0.05515782	-27.136475	27.124224	3783.951127052307	593.8701073278984
49	111.61566	77.73988	269.27155	0.29880276	285.57144	490000	151.25595	51.344936	208.19681	83.76299	402.0	0.051994894	-27.048204	27.037085	3863.0569956302643	592.5981988066719
50	127.59874	81.58454	292.00073	5.037375	314.2258	500000	104.70572	88.57241	222.41669	8.75975	302.66666	0.051774	-26.98426	26.974283	3937.1754758358	590.5763212680816
51	139.32991	83.073906	272.62	8.255534	339.23334	510000	84.78983	56.02138	140.98973	8.3290415	266.66666	0.05076961	-26.954391	26.944633	4009.6573803424835	588.3451514201226
52	132.95981	71.47982	280.74866	5.0490894	340.65518	520000	168.59175	39.01075	221.81198	129.39342	433.66666	0.04927375	-26.936577	26.926308	4091.5929272174835	587.510779155829
53	129.81096	77.356834	289.57898	10.243857	321.87097	530000	206.9781	19.699236	234.11162	187.9415	454.66666	0.047541264	-26.958778	26.94838	4173.788305521011	586.6928843212577
54	125.537766	81.3235	275.2012	8.236228	317.96875	540000	108.713844	71.78567	192.69862	17.328236	303.33334	0.047257237	-26.94753	26.936731	4255.40206861496	585.7744821861938
55	142.35526	78.8141	255.29259	0.29908657	342.4138	550000	179.5995	75.83661	240.8303	72.72877	390.66666	0.0467128	-26.958786	26.948452	4332.754259824753	584.2653470295849
56	131.48248	73.006775	264.65427	0.29952678	328.3871	560000	119.22626	76.019135	217.96724	33.03149	307.33334	0.04547558	-26.968784	26.95764	4416.0297038555145	583.5467822006771
57	123.28064	76.48181	249.78177	8.638075	311.21875	570000	163.30351	47.30128	224.06433	108.690704	429.0	0.04251453	-27.021387	27.00872	4494.956485271454	582.241439342917
58	109.804405	75.02459	273.32736	9.162589	292.69696	580000	128.83257	73.25407	206.95328	30.847645	334.0	0.04137958	-27.018318	27.00703	4571.732396602631	580.6625628653615
59	139.77834	104.504395	362.7783	0.29789445	321.28125	590000	121.67202	37.130985	166.70998	75.77032	330.33334	0.040521566	-27.023539	27.011988	4655.158794164658	579.9223242686967
60	115.42134	77.89992	319.18124	8.328665	297.84848	600000	218.9327	63.144035	285.2525	133.9846	510.66666	0.040443752	-27.098402	27.083305	4733.841119527817	578.5805811299218
61	141.04086	75.18154	263.76135	0.29879856	343.65518	610000	140.73509	64.02853	230.39201	84.91998	332.33334	0.041225966	-27.231356	27.21407	4813.6467072963715	577.3745639860956
62	122.95349	80.395004	261.69006	10.520791	306.0303	620000	102.134575	33.382988	134.26196	56.11243	287.33334	0.041671094	-27.299181	27.28332	4897.13748049736	576.5984451159354
63	109.45731	88.28934	263.7004	0.29943213	267.07895	630000	181.6541	35.51353	219.35309	134.06602	398.33334	0.04301654	-27.299057	27.284061	4973.389840602875	574.9659682621401
64	141.11868	64.61962	257.0416	16.783783	351.67856	640000	161.25688	60.96333	215.8012	76.161896	395.33334	0.04383412	-27.279089	27.264156	5054.120638847351	573.8532807608445
65	116.52896	76.81808	288.84143	0.29935476	301.85294	650000	69.88736	62.5039	157.89154	18.70515	185.66667	0.044029932	-27.240034	27.22547	5135.486335277557	572.8042449556865
66	119.86171	70.927284	222.83936	0.2988017	302.84848	660000	183.32643	17.357878	195.79242	158.7797	426.0	0.0437716	-27.214031	27.198977	5211.839793205261	571.1965832660896
67	127.13713	59.15555	218.34697	11.989042	331.13333	670000	91.877815	36.52195	141.22264	53.99195	258.66666	0.042020243	-27.200205	27.185335	5287.661558628082	569.5416553672273
68	143.67696	82.00101	279.61893	0.2994195	347.2414	680000	225.39648	56.34841	278.29813	147.33386	462.0	0.04016723	-27.168842	27.15351	5374.09118437767	569.0214194466085
69	122.180725	87.76454	263.61685	0.2989435	298.72726	690000	140.03503	82.01052	209.76625	24.908875	322.33334	0.03811607	-27.286057	27.26609	5448.8740611076355	567.2620096192269
70	112.23632	69.460396	238.41472	5.048952	297.47058	700000	118.44492	85.94588	221.80626	11.380445	287.66666	0.03583579	-27.431679	27.411793	5530.055659294128	566.1723649961608
71	137.159	71.79986	236.0565	20.138077	329.3	710000	110.481834	66.3501	161.6651	16.782139	325.33334	0.034955245	-27.46092	27.44207	5609.433785200119	564.8936839065082
72	123.77052	80.306625	251.58778	0.2994639	306.21213	720000	140.79265	89.45703	251.2326	32.130142	330.0	0.035379097	-27.36956	27.353384	5688.352226257324	563.5682297291579
73	129.04776	82.44952	253.77155	9.706616	312.0	730000	85.91044	92.642715	215.71608	5.616611	224.33333	0.035886243	-27.21948	27.2053	5766.576649904251	562.1753947953655
74	105.09349	72.715004	284.23105	5.616581	286.1111	740000	133.97015	78.821	243.8854	62.946938	297.66666	0.036620677	-27.041702	27.028522	5845.25106883049	560.8281429989918
75	107.31893	74.456924	287.54742	11.9883995	280.33334	750000	174.2534	42.126907	233.55742	139.67297	437.66666	0.03564067	-26.927746	26.91443	5928.221369743347	559.8875736965074
76	136.66733	74.83692	257.93314	0.29959622	343.25	760000	203.20581	38.021446	253.57773	161.72726	475.33334	0.03523637	-26.910791	26.896809	6006.274846315384	558.4781873979066
77	125.549545	83.04581	303.38284	12.221679	314.9375	770000	109.63687	37.2809	155.06453	63.748833	305.33334	0.035558604	-26.922771	26.907604	6087.04065322876	557.3199558251864
78	133.6748	79.07603	271.56372	0.29880276	339.23334	780000	79.86987	64.03799	166.14221	12.877733	231.33333	0.035591315	-26.865128	26.850792	6165.100624322891	555.9129194361533
79	130.03409	68.19662	249.61021	10.243113	326.7097	790000	172.62923	22.082672	201.90163	148.56903	432.33334	0.03705224	-26.80214	26.789633	6245.815269470215	554.7443519083257
80	112.166985	70.34583	237.79132	5.0491138	302.42426	800000	90.52892	51.101685	149.5607	24.908875	246.66667	0.036238823	-26.583548	26.57915	6325.651878118515	553.4945392519236
81	142.95195	70.45762	286.6892	5.0490565	354.60715	810000	146.8009	35.67579	181.6559	97.782425	390.0	0.035463378	-26.41051	26.406652	6405.394016504288	552.2345869373883
82	111.601326	64.68053	243.32277	9.169271	301.18182	820000	8.539987	5.8527555	13.331567	0.2993111	29.333334	0.03549942	-26.28706	26.283245	6479.105139970779	550.4605585182585
83	117.14421	70.27215	218.71498	5.0372653	301.9697	830000	98.22712	25.543993	122.63285	62.95884	310.33334	0.03743428	-26.169468	26.165905	6562.567055225372	549.5161569740399
84	121.96422	60.55184	255.01465	17.387676	324.0645	840000	164.18938	65.87965	219.26826	71.57361	358.33334	0.039648898	-26.111254	26.107313	6643.713787555695	548.3700268503219
85	155.92528	69.100784	274.04156	20.934574	383.53845	850000	171.63698	117.04325	290.52438	12.4535	388.33334	0.04235031	-26.111595	26.107357	6717.425947666168	546.6140721150473
86	111.87893	80.80524	265.92023	0.29935703	298.18182	860000	111.79073	124.727325	287.92392	15.466725	248.33333	0.045067824	-26.132511	26.127865	6796.183873176575	545.2752176550932
87	160.93643	58.249027	243.56201	35.924313	392.65384	870000	120.84608	44.910385	165.0316	59.242004	323.66666	0.046124626	-26.152515	26.14788	6879.301120758057	544.2818702067451
88	161.8262	79.966606	278.12006	8.545351	380.30768	880000	205.61139	64.77729	284.2728	125.618256	485.66666	0.044047464	-26.21659	26.211256	6957.221759319305	542.8741220542879
89	128.72488	64.59435	234.4463	0.29910278	337.26666	890000	140.85426	30.641262	184.12837	117.25666	393.0	0.038921807	-26.283169	26.276852	7038.409085273743	541.7202497665802
90	140.46985	68.38423	249.30568	0.29943374	351.60715	900000	143.56859	45.131233	186.29735	81.1441	399.66666	0.03143594	-26.36193	26.354736	7114.369334220886	540.165078971121
91	121.92992	74.011246	270.35248	0.29923055	303.75757	910000	166.39882	55.352985	236.50154	101.179	376.66666	0.029399693	-26.44495	26.437578	7197.491106748581	539.152722027494
92	129.09734	73.31163	260.02512	0.2994861	328.12903	920000	191.64922	24.841898	213.71524	156.94138	427.33334	0.029512135	-26.48756	26.480974	7276.133042573929	537.8011378765107
93	141.83418	71.43035	239.18954	11.422974	339.6207	930000	124.72622	60.695854	190.17165	43.90306	366.33334	0.030431187	-26.4764	26.470522	7353.609580039978	536.3654298550339
94	128.6941	69.59066	249.86852	24.222008	326.5	940000	159.21593	90.62554	282.50226	67.24382	413.33334	0.031444717	-26.464188	26.455801	7431.061989068985	534.9310579753936
95	142.10526	82.13604	298.83813	0.2994631	342.7586	950000	33.39957	28.311672	69.457726	0.29789445	110.666664	0.032613654	-26.64533	26.631916	7511.429907798767	533.7068618021514
96	131.8194	75.85723	257.27274	15.331889	334.63333	960000	153.74577	41.996483	212.48654	116.779434	384.66666	0.034750465	-26.828186	26.814703	7589.549616098404	532.3225771566232
97	130.31102	74.09684	269.82834	0.29789203	331.5484	970000	93.104774	94.362305	226.35204	20.137154	233.0	0.034313064	-26.939157	26.926277	7668.566323041916	531.0021009968318
98	102.43383	74.857315	256.15204	0.29894444	259.07693	980000	153.1249	85.63697	219.12552	32.184402	354.66666	0.030906623	-26.97811	26.965923	7748.950879096985	529.7752130975529
99	134.87753	77.98838	246.22534	8.210624	331.3	990000	172.8221	71.106964	230.42415	72.636185	412.0	0.027826376	-26.955633	26.944248	7830.526882410049	528.6264780242435
100	133.64314	71.781975	282.43948	15.849676	347.82758	1000000	128.789	74.51076	227.9619	48.358852	336.66666	0.027974494	-26.915857	26.90533	7908.271483659744	527.2180988629659
101	106.9418	74.92958	269.99478	0.30033222	292.67648	1010000	129.00217	93.1662	235.14713	8.3290415	322.0	0.029149601	-26.819681	26.80996	7991.666614294052	526.1839898725547
102	121.10973	88.95383	292.96292	0.2993111	303.54544	1020000	157.89642	85.01492	220.76936	37.710007	344.66666	0.029710302	-26.717405	26.708801	8064.072774887085	524.4282620801645
103	144.93747	86.13965	379.59296	0.29923028	347.35715	1030000	148.44745	77.99866	230.06934	43.37854	342.0	0.029720852	-26.628498	26.620409	8140.006104230881	522.909777184636
104	150.40889	78.940765	286.86118	10.2483015	364.85715	1040000	81.99099	65.84997	165.89629	5.049	200.0	0.028642839	-26.553587	26.545881	8219.082693576813	521.5956324164684
105	116.93146	71.14606	246.82314	0.2989437	304.0625	1050000	97.64178	25.926943	132.5642	70.50441	283.66666	0.025495864	-26.488007	26.480429	8291.644469976425	519.8729468672994
106	121.657326	76.01816	288.16644	7.613773	302.17648	1060000	113.7288	81.42496	216.7251	17.63403	286.33334	0.02433829	-26.428232	26.42056	8375.09165930748	518.8342945436262
107	120.40597	70.84721	247.0235	0.2994639	307.65625	1070000	54.853607	11.197742	65.18402	39.29388	204.33333	0.024680944	-26.413532	26.405672	8454.01050209999	517.5118577658573
108	122.535034	80.43347	240.2875	9.058909	311.39395	1080000	129.12633	79.06847	192.91248	17.695646	332.66666	0.026338093	-26.411606	26.403753	8534.651848316193	516.2937537437604
109	115.590164	79.27718	305.2068	0.29910102	289.17648	1090000	78.72134	42.06587	134.14853	32.294754	235.66667	0.027566424	-26.441336	26.433512	8608.636248350143	514.6753474840331
110	150.65273	89.066956	387.93597	0.29953295	348.2069	1100000	192.07066	54.811317	231.53976	114.56014	476.33334	0.02843226	-26.477142	26.469223	8687.763745307922	513.3678576209328
111	129.34	63.74467	241.25835	0.2992285	327.13333	1110000	145.12682	93.345406	246.17995	21.039085	310.0	0.028590234	-26.490229	26.482101	8762.924835205078	511.82849257114054
112	138.13408	77.50132	276.304	5.0489244	342.03333	1120000	153.38133	28.063622	185.7869	117.33516	372.66666	0.028040236	-26.507233	26.499046	8843.841529607773	510.6265644382863
113	129.68776	72.32753	283.79462	0.2978939	341.34482	1130000	69.58806	54.941334	147.2868	30.674261	218.0	0.026743826	-26.493008	26.485052	8924.302177667618	509.3960092018136
114	131.05057	78.58293	264.77396	0.29922944	317.51614	1140000	82.17489	66.479546	169.4454	8.254517	195.33333	0.026600419	-26.483171	26.475122	8998.475798845291	507.80872191434713
115	153.91823	56.53415	276.39404	50.394566	377.76923	1150000	111.758606	10.694015	123.09425	97.42071	339.66666	0.026518762	-26.481724	26.474133	9081.032675981522	506.69530143271317
116	130.75397	83.47773	259.07678	0.299434	314.21875	1160000	188.28052	52.476303	257.12952	129.86633	429.33334	0.02665785	-26.458973	26.452412	9158.43364405632	505.29289064078495
117	126.956505	75.34613	261.44263	0.29789373	324.32257	1170000	133.70918	92.28872	255.39722	32.00162	329.0	0.026325684	-26.408146	26.402	9237.084456682205	503.9605906757874
118	136.50713	70.30158	265.25412	0.29923055	355.7857	1180000	149.81248	69.85811	214.62355	52.832363	353.66666	0.02120087	-26.358644	26.352169	9317.181327104568	502.70667605911945
119	109.537865	78.96602	225.63614	0.2993576	279.6757	1190000	165.5884	115.81705	297.93936	15.849778	360.33334	0.018170588	-26.334518	26.326803	9396.919817447662	501.4322759094358
120	141.78604	74.52593	253.39343	14.870042	334.48276	1200000	52.93574	15.613109	69.71116	32.1145	168.66667	0.020557798	-26.529152	26.511133	9470.844646692276	499.8501340680652
121	98.906555	73.88824	246.00964	0.29910192	252.975	1210000	78.8792	31.202267	103.469894	34.853024	232.0	0.021271152	-26.783451	26.768866	9550.185694694519	498.55652587292275
122	133.58961	67.20127	243.63661	5.6166277	351.75	1220000	78.96991	84.43762	197.69688	8.538593	190.0	0.022108788	-26.710941	26.699087	9631.687847614288	497.37404454067104
123	127.02424	71.419106	247.71991	0.29935834	322.5625	1230000	151.6986	59.513275	202.02992	68.11364	339.66666	0.022036195	-26.60285	26.59178	9711.755218029022	496.11540877337694
124	128.53693	80.3733	285.83914	0.29910225	325.56668	1240000	142.94618	76.60589	199.97635	34.660416	355.33334	0.021868689	-26.553507	26.543154	9790.14971780777	494.771007183803
125	107.006645	72.29666	221.08809	5.0375304	275.52777	1250000	128.86903	31.533363	166.52069	89.34794	344.33334	0.021935457	-26.463907	26.454288	9868.440930604935	493.4220464706421
126	118.52224	68.595795	235.77554	0.299425	310.34375	1260000	183.4301	46.258743	243.671	131.21707	440.33334	0.022062555	-26.384708	26.375866	9949.14878821373	492.193339451974
127	150.18239	81.576256	328.79953	5.0490127	344.7586	1270000	233.11536	69.38724	325.641	158.54817	523.6667	0.022687094	-26.313637	26.305546	10031.811320781708	491.05848061625414
128	122.28463	66.82073	230.84492	0.29935834	319.375	1280000	119.28814	80.355736	196.61436	8.506666	283.0	0.02276584	-26.277058	26.269756	10103.48922085762	489.38775908909736
129	132.67026	74.31545	252.07394	13.727374	335.6	1290000	152.17722	41.941036	203.16144	100.43568	425.33334	0.023039293	-26.212708	26.206005	10185.489866495132	488.2192170806633
130	121.589134	82.289345	276.75986	0.2993577	305.45456	1300000	158.3795	41.37775	200.45552	102.122406	414.0	0.023084741	-26.175777	26.169653	10259.628746509552	486.67469689326407
131	96.743385	73.00876	251.35745	0.29880276	264.27026	1310000	208.60876	13.252099	225.57008	193.2243	437.33334	0.022444604	-26.132442	26.127024	10333.43387389183	485.1192238058753
132	105.945984	74.04525	243.59648	0.29894352	282.97223	1320000	124.87177	42.56111	180.45319	77.076004	363.66666	0.02060929	-26.069733	26.064522	10419.203006505966	484.1245840852911
133	119.654594	81.915054	289.99146	9.162318	301.0606	1330000	138.49019	36.599773	173.91032	88.0941	364.33334	0.02011009	-26.053488	26.047462	10490.880825281143	482.4753461924412
134	104.70781	74.361244	225.97119	11.422694	289.58823	1340000	48.25809	36.048195	99.13968	20.0775	136.33333	0.021065671	-26.068628	26.061607	10573.598343133926	481.33544690929244
135	136.8145	71.49319	252.60487	0.29894444	343.93103	1350000	130.36382	19.570906	157.09467	110.78336	348.66666	0.021852234	-26.136597	26.12802	10649.081021547318	479.86599660699744
136	123.498314	78.23605	223.75813	5.037536	315.09375	1360000	71.34347	47.231064	114.50958	5.616611	226.66667	0.022274544	-26.22038	26.21075	10726.884944915771	478.50320092100725
137	116.46122	75.341064	226.00333	0.2996	288.91428	1370000	138.45473	77.89353	194.52672	28.302639	333.66666	0.022958942	-26.299793	26.28901	10802.513670921326	477.0453116818936
138	135.59756	85.860855	334.426	0.29880282	333.33334	1380000	106.63791	73.8252	204.2565	25.763067	251.0	0.024271548	-26.402544	26.390062	10881.516643285751	475.7378048942285
139	125.58263	76.22715	252.24532	5.3434854	319.90323	1390000	122.77662	21.273209	150.08524	98.19054	331.0	0.025673509	-26.543993	26.529114	10959.186336994171	474.3724541139831
140	121.795074	80.64966	277.99557	7.032486	312.375	1400000	197.8548	69.77373	296.45364	145.19948	480.0	0.027642673	-26.71402	26.6963	11035.223390579224	472.93814527988434
141	130.29158	84.54789	290.394	11.989153	325.1613	1410000	68.241455	33.27902	112.46188	32.17936	218.66667	0.02966279	-26.904524	26.884176	11119.395370721817	471.85141108117773
142	119.75229	73.64845	257.56265	5.0489626	306.75757	1420000	204.57146	29.690674	241.06104	168.33536	493.33334	0.030267263	-27.042385	27.020369	11197.476381540298	470.504289231222
143	149.58841	67.41156	269.32208	11.989139	370.96155	1430000	159.155	87.58192	231.39096	35.902847	372.66666	0.030004933	-27.132662	27.109535	11269.8558511734	468.9205755761453
144	132.13841	75.78718	238.48082	0.29880136	325.32257	1440000	144.96928	59.22649	227.69765	92.26144	363.66666	0.031369403	-27.198383	27.1742	11355.014940977097	467.868671139854
145	126.6844	74.74597	270.24136	10.520694	313.625	1450000	148.86464	62.868538	201.45166	60.485447	381.66666	0.03254388	-27.266718	27.241371	11430.731305122375	466.42639229653895
146	134.19916	76.702934	321.2495	0.29880226	355.7857	1460000	60.041687	65.5564	152.69086	10.791461	164.33333	0.03300082	-27.339132	27.312416	11513.876469135284	465.2867887826815
147	99.26216	71.87503	234.26398	0.29943526	263.92307	1470000	126.21578	61.62824	179.16998	39.78913	335.33334	0.034264848	-27.477	27.449188	11590.785147190094	463.89423543506734
148	130.08713	86.90221	306.01474	11.38055	320.03226	1480000	105.269356	43.072063	159.71855	54.39591	294.33334	0.034293808	-27.556314	27.529205	11665.358052968979	462.4105894398045
149	126.8587	74.2822	236.05174	15.659683	320.8387	1490000	93.4223	92.88124	224.05133	16.173407	239.66667	0.033680122	-27.59822	27.572319	11747.578372955322	461.2304260148298
150	117.16991	83.92128	289.7489	0.29935834	298.33334	1500000	102.639915	65.28	187.39905	28.572275	249.66667	0.03292721	-27.580282	27.55586	11816.93522310257	459.5474808520741
151	132.79666	77.608116	242.68034	0.2993107	325.1613	1510000	149.4264	19.614962	174.51836	126.637596	410.33334	0.031754907	-27.489502	27.467352	11900.757729291916	458.4287469212846
152	119.68103	80.50616	241.14586	0.3181357	296.60605	1520000	204.3717	45.720642	260.5042	148.51297	471.33334	0.03057499	-27.385551	27.365799	11972.595425367355	456.8490359315747
153	126.94205	76.434204	273.9621	10.2428255	319.46875	1530000	82.04663	65.2519	168.14986	10.248	228.66667	0.029667038	-27.234236	27.216362	12052.550952911377	455.5811743278129
154	113.73745	78.81047	242.89516	0.29894444	290.41177	1540000	209.56755	39.097286	252.51938	157.93784	460.33334	0.029301563	-27.114954	27.098204	12132.675419569016	454.3187981518832
155	130.85074	82.094574	263.88452	0.29946354	328.9355	1550000	201.87671	54.48939	278.8765	160.74739	465.0	0.028204827	-26.998308	26.982477	12215.693679094315	453.1628299955399
156	140.08842	61.77724	217.86185	0.29948577	348.0	1560000	6.661944	4.585279	10.926851	0.29923055	22.333334	0.026552947	-26.90178	26.886707	12288.763873577118	451.638330352612
157	109.72725	71.47737	241.68387	8.801117	293.18182	1570000	137.42738	16.532696	160.46309	122.443695	408.33334	0.024499241	-26.820953	26.806278	12367.624459266663	450.32857633965784
158	122.835175	76.16045	243.84598	10.242817	311.27274	1580000	202.41777	17.501726	221.67133	179.32098	461.66666	0.0228477	-26.753956	26.739729	12447.859640359879	449.068354079844
159	133.3176	89.273796	341.7341	0.2978937	334.16666	1590000	115.874794	75.94879	218.05017	36.10832	312.33334	0.021328714	-26.687407	26.674582	12525.534995555878	447.71566385318147
160	115.99126	78.74249	280.5405	0.29880276	284.7353	1600000	121.77914	80.233345	180.2047	8.3290415	282.66666	0.019706279	-26.599262	26.587732	12595.389875411987	446.0867247203986
161	134.28763	73.860435	279.14142	8.890534	345.76666	1610000	106.33234	56.483128	161.71266	28.7896	286.33334	0.018407725	-26.54311	26.532093	12676.707609176636	444.8658260112224
162	123.97885	68.754654	254.59409	0.29894444	318.67743	1620000	112.80056	70.22252	179.19211	15.644444	291.0	0.018573157	-26.472689	26.46134	12757.146476507187	443.61270666019414
163	144.2218	77.93674	255.41267	12.630725	346.25	1630000	46.15797	28.130173	79.612144	10.787556	169.0	0.01894539	-26.48741	26.475437	12835.264079332352	442.2785270361568
164	120.87456	76.14951	264.974	0.2993577	314.36365	1640000	137.0013	89.19098	220.32791	13.331567	312.0	0.019275913	-26.525234	26.512583	12908.52843952179	440.77901984540426
165	108.26059	82.55344	295.04327	0.29948547	287.29413	1650000	143.57127	90.13108	234.98567	20.9357	356.33334	0.019796696	-26.588379	26.574982	12991.721824169159	439.61886978354113
166	121.23995	67.37912	238.84262	10.242777	311.84848	1660000	114.923004	86.877304	233.308	27.265713	304.0	0.020021776	-26.647024	26.633007	13073.958767652512	438.4239184656775
167	139.26299	68.378334	281.36172	0.2994861	355.5926	1670000	139.06593	89.60423	202.92365	12.347728	316.66666	0.020346014	-26.703949	26.689508	13150.957995653152	437.0527956243047
168	117.870346	77.08241	257.0062	8.329039	304.0	1680000	186.9074	29.992397	211.25597	144.65527	429.0	0.020484174	-26.740742	26.72606	13234.768796920776	435.9070674705127
169	132.6015	74.86741	295.0485	10.242763	348.75	1690000	92.61295	55.810856	147.95198	16.204624	263.33334	0.018301683	-26.756302	26.741375	13310.048177719116	434.4798763660284
170	173.78084	64.95601	273.89014	7.0324984	410.08	1700000	91.9422	93.46944	220.26213	0.2994861	224.66667	0.016332941	-26.820541	26.804968	13391.95332479477	433.26907810884364
171	132.80629	82.158066	317.36227	5.0504975	333.5	1710000	98.71887	60.373695	163.21779	18.019526	262.66666	0.016042832	-26.878891	26.8626	13461.370617866516	431.65603634365357
172	122.71869	75.82383	239.75937	0.30112928	307.25	1720000	128.17531	34.219112	162.06322	81.31265	310.33334	0.016658325	-26.929974	26.91278	13543.20269036293	430.4428761674452
173	143.26979	83.59467	294.9685	0.29910272	341.17242	1730000	208.58948	26.933933	243.02875	177.27702	497.0	0.016997674	-26.991488	26.973122	13619.406304121017	429.05066098822334
174	137.25128	84.32887	338.2151	15.849835	334.7	1740000	142.46954	87.32183	257.27222	45.66121	356.0	0.016978435	-27.100973	27.081625	13698.66958785057	427.7553913224246
175	157.94698	81.33909	249.09956	8.506659	376.03705	1750000	157.28679	48.478157	191.93082	88.72962	373.33334	0.01718632	-27.210037	27.190147	13782.727633953094	426.6082362595059
176	121.76036	80.450966	320.7784	8.801107	311.3125	1760000	82.3721	61.244793	147.3756	0.29923055	212.0	0.01783101	-27.27836	27.258171	13853.505045175552	425.05072295503186
177	142.85779	70.242455	261.07007	8.210544	363.44446	1770000	71.06826	73.379906	174.6144	13.331567	197.33333	0.01862675	-27.288221	27.267847	13932.35888504982	423.74311860292426
178	163.95433	82.42757	295.93765	14.89113	375.51852	1780000	151.49925	63.550068	229.416	73.75104	350.33334	0.019221334	-27.339432	27.318684	14008.47222328186	422.3528141794133
179	113.79864	71.84181	257.87878	0.3117205	293.7353	1790000	142.59631	30.138004	165.44096	100.012474	395.33334	0.01981531	-27.364145	27.342953	14081.485025882721	420.8712004586305
180	128.15431	74.16907	240.36922	5.6166015	314.875	1800000	188.66096	42.354538	228.51158	130.00832	429.0	0.021144725	-27.38071	27.359	14167.749731302261	419.7851771955137
181	108.81092	86.07031	256.41077	0.29789436	276.6111	1810000	128.8684	81.48542	198.5243	14.5366535	316.33334	0.023831004	-27.416739	27.3945	14237.773586034775	418.2182112008168
182	134.7516	73.11127	263.95084	0.29880276	343.10345	1820000	105.73429	72.33395	189.3317	12.877733	266.33334	0.026539084	-27.471043	27.448181	14313.736122369766	416.8285793529762
183	171.7664	61.304184	253.75948	8.254525	416.0	1830000	128.00099	47.37294	192.82478	80.93645	378.33334	0.027044872	-27.55587	27.532484	14396.83143901825	415.64622639949636
184	149.38168	62.924526	236.64685	28.268423	363.4643	1840000	71.162735	45.74678	134.2448	27.186178	236.33333	0.028325494	-27.615711	27.592094	14472.032269716263	414.23570623674254
185	129.58383	77.13889	239.74391	0.29953334	324.86667	1850000	79.04944	53.56379	147.09856	16.204624	221.33333	0.02787577	-27.666328	27.642672	14545.054389476776	412.76505697160155
186	146.56386	61.03764	243.1606	0.29953313	365.75	1860000	76.21912	64.284676	165.6452	17.328236	236.0	0.024721019	-27.69118	27.667458	14626.19818854332	411.52564791697324
187	106.60154	78.504814	246.42244	0.29923043	276.74286	1870000	77.58871	34.991787	119.79021	34.106876	240.0	0.021767152	-27.724922	27.700933	14695.361793756485	409.95082363831597
188	108.540886	67.869	229.49503	0.2995333	294.82352	1880000	75.804115	30.532146	109.8788	35.799294	225.0	0.02116001	-27.69316	27.668991	14775.737011432648	408.69059816218436
189	118.42	78.087975	315.08456	5.0489964	301.0303	1890000	132.08112	88.65261	210.5728	8.169933	318.33334	0.02099151	-27.6885	27.66418	14855.193232059479	407.4043293474213
190	129.26814	83.48218	258.6641	0.299425	313.9697	1900000	143.55885	47.67206	177.35263	76.14046	354.0	0.022206567	-27.69864	27.674356	14932.217643737793	406.051532391498
191	118.3693	72.63566	252.13995	0.2989444	301.66666	1910000	188.73627	38.700695	238.24449	143.77528	461.0	0.023630599	-27.700258	27.676205	15008.19226527214	404.67115267022115
192	122.339516	87.81641	360.35815	0.29789445	309.25	1920000	33.265377	21.316053	63.28242	15.849778	114.0	0.024559727	-27.680882	27.657314	15084.503044605255	403.300949424588
193	124.95372	80.56766	242.36507	0.29789442	318.53125	1930000	189.07124	12.906612	202.99536	171.88861	455.0	0.025137253	-27.615875	27.592913	15163.448755979538	402.001620701187
194	143.02943	70.76352	275.43948	15.659649	355.10715	1940000	95.91421	41.553932	147.15295	45.37422	271.0	0.025261348	-27.571777	27.549545	15238.770434141159	400.6068515878363
195	152.64738	75.176765	255.52806	8.329047	360.39285	1950000	133.26268	31.620405	160.69324	88.962296	345.0	0.02457468	-27.521646	27.500229	15317.745968818665	399.3087624101557
196	138.14919	58.264526	235.9507	8.75974	366.4074	1960000	187.83995	5.038438	193.85349	181.52307	442.33334	0.02149275	-27.454636	27.433943	15390.979364395142	397.86205155962995
197	130.37033	85.27446	262.64993	0.29894444	313.9375	1970000	52.835724	17.990444	69.97578	27.98233	182.33333	0.018266166	-27.404476	27.384436	15470.37338066101	396.57556125034534
198	123.65041	67.572266	270.18942	0.2993111	320.96774	1980000	121.80042	86.02263	187.83958	0.299425	285.66666	0.017913342	-27.350351	27.331087	15551.712036132812	395.338134221557
199	96.76599	73.670784	226.61284	0.29880264	259.10257	1990000	116.693085	83.57625	192.68402	0.29789445	273.33334	0.018584883	-27.274988	27.256538	15623.82673239708	393.8669887970041
200	130.51004	91.92385	315.2219	0.29935834	310.40625	2000000	72.92015	70.083496	170.51624	9.162222	177.33333	0.019728526	-27.22622	27.208496	15700.070776700974	392.5017693936825
201	117.52374	86.277374	260.79	0.29931095	278.45715	2010000	96.06478	67.0231	187.78337	29.495113	242.66667	0.018225335	-27.207634	27.190712	15776.870145320892	391.1512581338732
202	139.1729	81.47945	286.24713	12.864491	337.7	2020000	179.50871	28.199797	211.15843	142.67043	394.0	0.01730514	-27.196722	27.180368	15851.96541261673	389.75954558857205
203	119.07533	71.23547	229.3649	10.211263	312.78125	2030000	142.12823	34.914642	183.6654	98.2394	366.0	0.018458214	-27.156618	27.14092	15929.200266122818	388.42138577629186
204	114.72675	81.96933	270.05872	0.2988027	290.6857	2040000	169.51836	17.942444	183.31241	144.1771	424.33334	0.019445	-27.07443	27.059374	16007.023729801178	387.0979594557893
205	120.02669	84.50989	255.22176	0.299425	301.96875	2050000	88.46073	42.213062	120.36414	28.810709	264.0	0.02069985	-27.047039	27.0325	16084.943331003189	385.7770961214856
206	137.28651	64.9809	242.51619	15.659634	349.89655	2060000	95.721985	62.37784	153.7344	9.162222	243.66667	0.021797383	-27.016058	27.001915	16166.408167362213	384.54077677946646
207	115.20604	78.780365	253.48737	0.29880273	287.94287	2070000	177.43378	45.792274	214.03462	112.86585	428.33334	0.023035971	-26.989151	26.975342	16240.895463943481	383.13867718085004
208	128.48763	86.53974	262.9332	0.29789436	313.1875	2080000	56.52052	35.243294	103.33595	18.301624	191.66667	0.02402496	-26.980303	26.966791	16317.984555244446	381.79899758436744
209	144.76602	77.636856	281.279	0.29943606	353.0	2090000	114.59467	95.900444	240.95987	8.75975	292.33334	0.025291853	-26.981192	26.967937	16395.05646920204	380.45944435887367
210	129.05753	84.43731	300.4841	0.2993111	318.96774	2100000	82.05402	49.542767	118.92072	12.022574	227.66667	0.026344799	-26.935955	26.923044	16473.79788661003	379.15884022542406
211	145.0141	67.244736	317.75204	29.237555	356.2414	2110000	139.32057	74.51844	201.0971	34.49151	365.33334	0.026955185	-26.89482	26.882265	16558.398720264435	377.9918822916198
212	118.360176	80.85269	279.9061	0.2991026	303.65625	2120000	123.703186	72.08074	200.78586	27.39382	332.66666	0.026776435	-26.856522	26.844288	16626.281969308853	376.4441200382305
213	116.30408	64.626656	224.84471	14.891154	311.625	2130000	109.53977	37.22064	161.26292	75.2165	299.33334	0.0259129	-26.844702	26.832754	16706.348704099655	375.1738714972199
214	103.319595	81.16563	290.7426	0.29923055	261.2564	2140000	155.81242	72.771645	250.44054	73.4597	396.0	0.024024034	-26.808268	26.796677	16787.747970819473	373.9327039963731
215	113.27521	70.12804	249.90764	10.248006	295.79413	2150000	128.44319	56.784546	186.28027	51.276527	358.66666	0.022340223	-26.761322	26.75013	16863.91291499138	372.5748201885889
216	109.50506	75.07479	245.33368	0.2994639	279.19446	2160000	133.81276	76.923775	209.69112	28.362425	363.33334	0.021066608	-26.715162	26.704405	16941.951983451843	371.25882430260566
217	144.92223	87.50247	288.05072	8.8178835	350.5357	2170000	76.47198	27.533909	99.03698	37.70694	239.0	0.021258498	-26.682314	26.6719	17021.62155175209	369.9784100467342
218	140.82553	75.46752	308.21167	15.644454	342.2069	2180000	192.45891	69.43259	278.22922	108.17427	463.33334	0.021484043	-26.661015	26.65095	17098.9997279644	368.64815925206614
219	116.50495	75.884186	223.33565	0.2994639	305.51514	2190000	165.34648	94.67269	242.04475	31.95836	386.66666	0.021718323	-26.640005	26.630232	17171.599511384964	367.21609303129316
220	129.12154	87.692505	276.33136	0.29894444	312.375	2200000	184.52393	26.22191	217.839	153.761	427.66666	0.021438323	-26.607956	26.5985	17254.30857014656	366.00048479600383
221	114.164894	78.570755	246.78712	0.2994861	286.74286	2210000	153.88626	90.81936	281.9316	81.17305	395.33334	0.021208104	-26.571869	26.562647	17327.750638723373	364.5884183965117
222	116.80248	78.231834	269.0204	0.2994361	300.34375	2220000	150.11462	89.76139	232.2163	25.217806	367.33334	0.02136363	-26.577604	26.568663	17407.890603542328	363.31783689589827
223	130.75969	75.11666	297.8823	5.0490017	337.58066	2230000	113.612724	88.37602	234.21556	24.908875	311.33334	0.021577327	-26.573145	26.56447	17491.463108062744	362.11773398125655
224	128.26056	81.0243	266.81128	0.29953334	320.41934	2240000	148.6407	94.16842	221.34117	15.659625	324.66666	0.021742135	-26.557318	26.549004	17561.82212281227	360.64456142612863
225	139.06386	79.31055	264.57562	0.2988027	338.93103	2250000	127.91061	36.791634	179.9056	100.231766	340.33334	0.02174148	-26.593025	26.584993	17640.098012924194	359.33532986861684
226	130.81186	74.65952	290.5712	8.169935	325.0645	2260000	83.744606	51.14848	149.31232	24.505	244.0	0.021298867	-26.574581	26.56684	17718.934210538864	358.0374611671343
227	166.4133	67.409134	265.3223	28.658094	401.64	2270000	156.90627	27.058697	193.85512	129.80942	385.0	0.019690592	-26.561989	26.554548	17803.192910909653	356.84813982032995
228	135.4564	79.45174	307.33096	10.247997	337.3793	2280000	106.89761	58.31108	165.61353	27.39382	278.66666	0.018191969	-26.539843	26.532688	17880.16743850708	355.51210109755306
229	155.04997	70.15135	292.68588	11.380449	378.4074	2290000	103.35729	85.84603	214.1956	5.037525	245.0	0.0176441	-26.544785	26.537844	17960.046860218048	354.2338208777762
230	124.00453	80.45694	372.46783	0.29894444	318.1613	2300000	118.14697	79.93742	206.04387	12.63075	294.66666	0.01591798	-26.531105	26.524364	18033.193883419037	352.82335856997446
231	127.10535	76.27581	240.70433	0.29935834	319.09375	2310000	116.709656	83.75382	212.10541	8.210533	316.0	0.015101003	-26.533659	26.52706	18112.43463563919	351.5328222795482
232	118.52872	73.26472	235.82344	5.0375247	300.63635	2320000	154.02147	89.54481	218.55443	27.39382	363.66666	0.01539293	-26.514902	26.508448	18191.710649967194	350.2427050241109
233	131.71225	76.308044	297.32333	16.287558	328.90323	2330000	125.130684	93.70536	257.20276	49.673077	376.66666	0.016326627	-26.515978	26.509571	18274.257957220078	349.014797877191
234	134.65874	77.80592	259.34833	0.29789445	328.8	2340000	171.56554	72.84677	231.26817	69.00469	417.33334	0.016992362	-26.506155	26.499918	18346.985872983932	347.59958988319437
235	135.68	82.65231	253.84694	0.29953325	325.73334	2350000	139.40277	75.49751	230.52982	45.655136	344.33334	0.017540788	-26.51924	26.513142	18423.20422768593	346.25171064425865
236	105.21884	71.27474	232.30338	0.2978944	275.3611	2360000	75.97729	70.7399	175.94864	22.752	194.66667	0.018333772	-26.511986	26.50611	18498.051917552948	344.87893402940136
237	136.84322	65.7491	243.58134	0.29910278	357.31033	2370000	99.55552	61.41749	150.48335	13.157806	241.33333	0.019435428	-26.515995	26.510265	18572.310163736343	343.49631313285073
238	126.835495	75.752525	271.42758	10.242754	331.43332	2380000	122.88839	22.252888	153.88724	102.688965	351.33334	0.020616058	-26.47497	26.469536	18654.06950855255	342.2525357836769
239	130.24417	86.85739	304.085	0.29935834	315.87097	2390000	191.91695	18.037386	207.10155	166.57382	418.0	0.021750426	-26.462677	26.457462	18731.860957860947	340.93554461316586
240	108.27669	72.911156	243.09572	12.878676	273.97296	2400000	195.61243	49.171597	257.48358	137.18614	456.0	0.022804841	-26.454462	26.44942	18809.30153465271	339.61238880289926
241	127.96515	82.32576	333.70016	5.343474	315.53125	2410000	168.2403	69.31347	220.35608	70.28321	412.0	0.023510588	-26.414555	26.409708	18891.06201815605	338.36687845473136
242	123.98244	80.834946	259.4944	0.29880276	323.87097	2420000	192.786	57.58786	249.1298	113.68694	454.33334	0.023435626	-26.39763	26.392979	18972.448003530502	337.1137455003321
243	116.81002	84.9293	319.2616	0.29953334	287.67648	2430000	155.08878	67.39024	243.38965	79.88379	389.0	0.023621427	-26.389704	26.38515	19050.051532030106	335.7930893981735
244	109.863235	85.18648	297.37466	0.29943612	283.6389	2440000	62.761288	70.9613	162.92528	7.3275695	177.0	0.023828465	-26.373804	26.369356	19127.268507242203	334.4658973777229
245	133.6751	73.37373	246.00682	8.169935	328.86667	2450000	161.02867	40.89904	208.49986	108.67557	425.33334	0.024095753	-26.37592	26.371561	19199.140115976334	333.04630811360414
246	119.16863	68.36413	231.99916	11.989088	307.57574	2460000	114.026726	27.601925	138.15198	75.3882	290.66666	0.02412555	-26.379902	26.375622	19275.991776943207	331.7142216193321
247	111.86117	64.60629	214.87828	0.299425	302.30304	2470000	149.98517	70.3087	218.9927	53.48592	384.33334	0.023772057	-26.370016	26.365887	19356.599332094193	330.4466687394218
248	141.09508	76.09822	302.40448	0.2994861	343.7931	2480000	112.50171	57.027878	193.14821	71.56659	285.66666	0.023762412	-26.363785	26.359716	19434.9791431427	329.14077579109903
249	139.86534	72.95656	293.09958	0.29946384	348.4643	2490000	113.771614	53.498302	182.27179	51.702526	328.33334	0.024084032	-26.357355	26.353401	19504.647012472153	327.68851405294384
250	120.299255	73.67554	235.6847	0.29789445	304.82352	2500000	177.91364	42.05392	209.66922	118.48718	381.0	0.024552817	-26.35925	26.355473	19590.36660552025	326.5061100721359
251	136.084	67.69563	260.9624	8.5786495	341.4138	2510000	120.39834	90.56739	218.99452	0.2993111	271.33334	0.024453389	-26.362844	26.35918	19665.819674491882	325.1519985863887
252	128.42415	78.36385	250.92906	0.29789442	316.74194	2520000	171.60327	96.80138	249.9642	35.209454	403.66666	0.023876296	-26.362865	26.359312	19737.732987880707	323.7405939654698
253	145.57643	66.96809	244.56682	0.29880276	355.17242	2530000	118.1616	56.640026	184.19878	45.88161	322.0	0.024501462	-26.369797	26.366411	19824.82918906212	322.57791893694235
254	117.51662	77.09569	272.54565	0.29959998	300.66666	2540000	126.24717	82.847015	205.6645	11.938858	304.66666	0.024949545	-26.384552	26.381212	19902.15408730507	321.25524312229606
255	126.4729	76.7997	254.82887	5.0375257	322.74194	2550000	172.5689	71.1195	269.12756	99.91146	434.0	0.024337167	-26.38101	26.377832	19979.921919584274	319.9399261480064
256	109.146416	72.27108	239.08066	0.29910278	286.48572	2560000	112.51404	48.3308	170.49265	52.177326	285.33334	0.023673052	-26.365503	26.36245	20054.58428668976	318.5754274557034
257	125.25644	79.055305	259.65955	0.29946384	304.34375	2570000	169.06567	7.171523	178.72775	161.56456	401.0	0.02335361	-26.345663	26.34277	20131.56636118889	317.2484192955354
258	125.507324	76.709114	277.92676	12.214748	321.32257	2580000	110.84147	81.42356	203.55702	5.343475	295.33334	0.023834571	-26.326212	26.323477	20205.336980819702	315.8715470975376
259	147.97807	74.7555	296.4101	10.242752	356.2414	2590000	196.09694	43.19103	244.55681	139.66563	495.33334	0.025066813	-26.307259	26.304684	20290.32249855995	314.6697375717924
260	122.734245	71.569145	259.239	0.29789442	321.83334	2600000	222.25517	19.356682	240.22166	195.38545	497.33334	0.026274437	-26.301052	26.298553	20367.040963172913	313.3390917264498
261	133.83603	88.312	287.24307	0.2995333	318.78125	2610000	84.90276	110.267525	240.83716	5.616611	179.33333	0.027628325	-26.268785	26.266432	20444.42129611969	312.01894569250817
262	140.74257	85.87825	394.91946	10.248	336.3	2620000	83.524254	79.30741	195.65128	25.191824	210.0	0.027887458	-26.286144	26.283823	20524.241211891174	310.7359674357276
263	121.670456	77.35414	267.7366	10.24275	315.8387	2630000	125.48645	70.236786	195.55492	29.479967	317.33334	0.02862595	-26.277779	26.275496	20596.856542110443	309.3444233367652
264	130.79015	79.252335	327.92026	8.169932	332.0	2640000	163.3408	57.37763	212.4189	82.839325	395.66666	0.028385185	-26.261904	26.25974	20677.776032686234	308.07797623035884
265	134.7555	91.21147	266.4137	0.29880276	314.90625	2650000	145.14795	67.77796	234.73956	70.84308	372.0	0.028713979	-26.261312	26.25918	20759.002296686172	306.815442735669
266	127.05525	74.772644	243.4555	5.6166115	325.2903	2660000	90.371254	86.37002	206.85556	0.29789445	213.0	0.027863324	-26.291885	26.289927	20834.782255649567	305.4723713999404
267	134.70152	60.777767	223.98836	8.235343	341.7931	2670000	123.8025	68.44834	219.93643	65.91398	323.0	0.027205091	-26.294943	26.293064	20917.445573568344	304.2300136376261
268	120.601036	79.28646	271.50314	0.29910278	310.57574	2680000	127.60687	86.32244	219.35307	11.989083	319.33334	0.026973018	-26.280415	26.278637	20999.075830936432	302.971740830597
269	121.3805	88.609695	321.42093	7.613775	305.34375	2690000	108.13267	59.49778	189.0005	47.567345	307.33334	0.02711181	-26.268368	26.266739	21075.370060682297	301.6363372860788
270	112.148384	89.05814	303.3449	0.29910278	280.27777	2700000	80.7364	77.44358	188.07367	8.218489	202.33333	0.026784634	-26.259865	26.258347	21156.350494623184	300.36793910765357
271	147.39742	81.61154	273.46164	0.29943612	356.92856	2710000	158.09389	109.52366	282.6842	16.105013	376.33334	0.026340079	-26.241207	26.239738	21233.805886268616	299.0492956720742
272	103.23515	74.80204	258.3765	0.29894444	261.6316	2720000	87.57815	50.626286	159.1649	50.76837	275.66666	0.025832012	-26.24366	26.24229	21315.944477319717	297.79628312903293
273	140.33858	71.26309	285.2353	0.2995333	348.27585	2730000	165.91716	46.549625	207.72899	100.97569	389.33334	0.024356596	-26.244446	26.243134	21391.755109786987	296.4547258639219
274	139.36047	86.99051	285.0617	0.2994361	343.3793	2740000	135.54643	5.472488	141.99634	128.61726	382.0	0.02235489	-26.254957	26.253738	21474.09983778	295.20356223374387
275	113.66226	78.48213	304.97617	8.506666	297.82352	2750000	74.49686	79.74725	187.10867	12.8645	205.66667	0.020048631	-26.222775	26.221596	21552.97300338745	293.904177302664
276	150.46677	64.87359	251.07352	16.135002	370.42307	2760000	103.77484	78.2269	205.63876	15.466725	288.33334	0.01967643	-26.206192	26.205067	21630.707276821136	292.5892771550423
277	145.5972	76.12893	273.88303	14.89115	355.32144	2770000	151.77957	108.80321	285.7903	19.290995	329.0	0.021198653	-26.183784	26.182764	21706.57685828209	291.2494969424932
278	103.26291	83.76029	263.4853	8.169933	267.6842	2780000	129.69843	21.548443	159.24153	108.45333	392.66666	0.02235055	-26.160189	26.159174	21789.35520172119	290.00220950661804
279	113.61696	77.88386	261.205	0.2994361	291.32352	2790000	121.46029	77.18231	188.95407	13.422716	262.0	0.022966688	-26.131079	26.130108	21868.002026557922	288.69942936713556
280	131.44151	67.3279	238.56934	0.2993583	338.06668	2800000	135.58366	71.60346	213.99493	40.886246	351.66666	0.023905912	-26.115036	26.114117	21940.169085741043	287.3117380119505
281	127.77323	78.324005	277.03314	0.29923055	308.1875	2810000	82.30024	64.24864	166.43524	10.52065	222.0	0.025064778	-26.119534	26.11868	22024.32506108284	286.08109063868847
282	127.766914	76.20711	231.09543	0.2993111	309.9697	2820000	168.73418	59.05361	213.3443	85.28628	404.66666	0.026479395	-26.138174	26.137354	22107.66239976883	284.8386762937192
283	118.19153	72.082596	242.69296	0.29910278	302.78787	2830000	114.98947	20.009687	141.92468	94.0084	363.0	0.028955061	-26.12681	26.12601	22182.386051416397	283.48514563901125
284	130.8111	75.64857	250.7059	13.774446	329.6	2840000	148.99821	15.749585	171.09717	135.54019	393.66666	0.031184629	-26.130697	26.129927	22262.642622232437	282.20251209769447
285	116.76649	80.90482	287.86505	0.29894444	291.5	2850000	144.45514	48.077007	205.37206	87.84434	370.0	0.033041954	-26.136234	26.13554	22340.08002614975	280.8840470974209
286	126.47344	86.64891	298.12842	0.29880276	314.34375	2860000	194.85341	33.409252	227.14076	148.83646	456.33334	0.033883307	-26.148642	26.147968	22419.71462392807	279.59317769909796
287	113.99729	93.019775	376.79376	0.29789445	293.58823	2870000	109.46461	91.315895	223.79733	0.29910278	253.33333	0.03346417	-26.158243	26.157602	22501.651682138443	278.33053473242484
288	113.429306	73.78084	272.92676	0.2993111	291.65714	2880000	113.75825	60.16561	175.59215	32.22235	303.66666	0.0334513	-26.182865	26.182283	22581.294453144073	277.0390291588174
289	106.63727	79.5442	289.7474	0.29910278	276.97223	2890000	133.68623	60.08095	194.80661	52.010437	345.0	0.03319231	-26.183353	26.182852	22662.66008734703	275.7682398055939
290	121.1337	79.801834	260.984	0.29910275	314.21875	2900000	135.6947	83.12344	212.1577	20.137154	302.66666	0.03295483	-26.161219	26.160753	22737.330302476883	274.4160553660886
291	125.99838	65.50032	227.10187	12.645051	320.63333	2910000	36.2492	31.600187	80.78126	10.738242	132.0	0.032416966	-26.166092	26.165684	22815.381311655045	273.1050798331476
292	122.8275	81.35382	266.07736	0.29946387	307.66666	2920000	207.34009	32.970352	250.77103	170.93172	495.66666	0.032079104	-26.193007	26.19261	22897.53294634819	271.8428568859623
293	125.3905	80.631615	347.5839	0.2994639	309.9394	2930000	161.21222	27.5672	196.46745	129.17186	397.33334	0.030938445	-26.192938	26.19263	22973.54200196266	270.5075764595852
294	117.21188	76.66501	301.98932	10.520651	301.72726	2940000	109.43569	60.715508	154.06712	23.59371	292.0	0.028697968	-26.163763	26.163515	23055.060188531876	269.2370974314186
295	117.84265	71.89776	264.68564	0.29880276	300.18182	2950000	145.7024	25.259296	180.52606	121.39619	442.66666	0.027760241	-26.121395	26.1211	23133.66114425659	267.93223358062704
296	101.907974	83.8089	230.51651	0.29880276	254.05	2960000	114.486046	99.97894	246.73735	5.049	264.33334	0.027900781	-26.099892	26.099636	23213.07940340042	266.6367228659424
297	117.97876	62.80558	218.36179	0.29943612	308.90625	2970000	158.50287	64.6827	249.94844	110.76529	359.33334	0.02915575	-26.080996	26.08071	23294.33839225769	265.36199177523656
298	139.12132	78.69311	273.40796	13.331567	339.72415	2980000	83.79183	90.72719	211.97934	14.8911495	191.0	0.0307558	-26.08003	26.079796	23368.2655813694	264.00389525703673
299	112.07155	82.053444	249.30507	0.2994861	279.33334	2990000	132.36208	63.311672	220.40195	74.22521	337.0	0.029754754	-26.103863	26.103596	23448.86769604683	262.72142735572163
300	112.16383	73.794846	247.64485	0.29880276	290.85715	3000000	141.70946	94.646996	231.30223	10.791461	341.66666	0.02912895	-26.095598	26.095392	23529.771952867508	261.44191057682036
301	105.93491	77.98521	273.94467	8.545333	277.3143	3010000	131.28072	17.778017	154.21355	110.88957	396.66666	0.029337388	-26.073013	26.072853	23605.276575803757	260.1024384440906
302	141.39102	81.41002	260.98264	0.29789445	339.16666	3020000	217.11946	58.799213	288.59048	144.57443	474.33334	0.03061294	-26.057571	26.057396	23683.532549142838	258.79356757694524
303	138.09848	67.208435	291.96472	24.119225	347.7143	3030000	203.98024	52.049595	276.5821	157.16888	425.33334	0.03213893	-26.05221	26.052086	23757.17650794983	257.43475092581264
304	118.03323	85.15681	249.77306	0.29910278	286.85715	3040000	138.76729	89.83142	246.21965	26.346815	318.33334	0.033346176	-26.057087	26.057	23841.205778598785	256.1883954176777
305	122.5455	74.98014	260.76675	5.343475	307.33334	3050000	185.63007	24.622486	205.05687	150.88968	468.33334	0.034224253	-26.040117	26.040007	23920.373511075974	254.88922592753266
306	146.76816	76.42955	289.90543	7.613775	364.4643	3060000	108.25973	19.818659	133.44658	85.01803	320.33334	0.03470123	-26.058832	26.058718	23996.967116117477	253.56272441948678
307	120.40341	86.93255	367.0174	0.29953334	301.9375	3070000	138.83014	41.62883	178.46849	81.31427	386.66666	0.03550279	-26.079893	26.079836	24078.240914344788	252.2855861175073
308	97.7298	75.805145	264.91092	8.169933	264.46155	3080000	97.16787	46.930424	135.74165	31.107635	275.66666	0.03655673	-26.044718	26.044647	24153.902695655823	250.9496383889929
309	113.074036	70.95831	234.41606	0.2994361	302.9697	3090000	84.969986	70.77397	180.12915	10.52065	255.66667	0.037996262	-26.007395	26.007385	24232.508643627167	249.64450650806694
310	133.49153	73.22603	238.9418	0.2996	322.35483	3100000	92.06311	60.83185	163.87106	15.12885	251.66667	0.03938664	-25.99217	25.992132	24308.084647655487	248.30839155233033
311	122.284256	79.13433	269.69952	11.989084	313.21875	3110000	17.084282	12.632559	30.774963	0.2993111	60.333332	0.03967407	-25.995668	25.995636	24389.15213036537	247.028389732784
312	131.62743	77.70009	302.1783	7.6137753	334.93332	3120000	84.22678	56.02283	125.97368	5.037525	216.33333	0.040324405	-26.002047	26.002018	24465.705461740494	245.70259757867225
313	100.618576	75.27104	249.57178	7.613775	263.7027	3130000	137.50075	80.5211	206.22331	24.505	346.66666	0.040332384	-26.001034	26.001057	24542.403956651688	244.37856973753696
314	130.92726	77.159325	246.47997	0.29894444	324.87097	3140000	87.3681	95.67042	222.42662	12.8645	205.66667	0.040744673	-26.007025	26.007006	24622.279051303864	243.08619444377865
315	129.71347	73.902794	287.81677	0.29789445	318.03226	3150000	134.966	31.50739	165.17726	91.49608	352.33334	0.04172861	-26.010885	26.010904	24696.38155913353	241.73706816207795
316	124.338066	81.80875	319.7531	0.299425	310.30304	3160000	208.3667	36.565056	245.88834	158.7903	441.0	0.042769913	-26.042744	26.042734	24778.241339683533	240.46394547903085
317	149.30666	78.56969	295.8436	0.29935834	366.7037	3170000	63.595364	63.947803	153.5798	10.787556	175.66667	0.043178335	-26.081163	26.081167	24857.88768005371	239.16895085340042
318	129.23225	67.38436	292.82257	16.1505	335.83334	3180000	144.84299	85.29335	224.31458	26.522	314.66666	0.04340306	-26.09802	26.09801	24935.935873031616	237.85850779217992
319	110.98798	75.431366	262.70602	0.29935834	286.47058	3190000	127.53414	82.761635	216.67377	17.276972	319.0	0.042648155	-26.071285	26.071262	25015.469791412354	236.5621751344316
320	98.69707	76.579285	253.45862	0.29880276	262.66666	3200000	154.5487	56.397335	197.38574	74.865875	394.33334	0.041626133	-26.0409	26.040895	25090.007133960724	235.2188168697059
321	126.15156	78.688965	290.49072	0.2994639	320.03226	3210000	79.66546	95.05712	214.02925	8.801084	194.66667	0.040316917	-26.028309	26.02829	25169.18725323677	233.91923770515842
322	130.65175	67.37043	258.41464	6.597491	326.6	3220000	52.80519	55.24483	129.16133	0.29910278	166.66667	0.038203627	-26.000223	26.000237	25246.93602347374	232.60634637725525
323	129.78131	66.10919	251.86136	8.75975	334.6	3230000	148.94812	91.52432	244.57346	25.591427	331.0	0.037112508	-25.98647	25.986454	25324.03186893463	231.2875975515082
324	126.9188	84.911865	270.72394	0.2994861	314.51514	3240000	151.72871	47.167118	218.40083	116.59626	367.0	0.036802165	-25.958616	25.95858	25407.60213637352	230.02767365400683
325	123.66216	69.0891	226.0542	8.235345	327.65518	3250000	102.190834	64.8185	174.7612	17.405	287.66666	0.03812958	-25.933031	25.933037	25474.919020175934	228.62106812122542
326	124.63694	74.12032	290.11768	0.29953334	313.27274	3260000	98.2154	43.895306	136.23796	36.70812	281.0	0.039509736	-25.9098	25.909765	25555.812004327774	227.33697794412544
327	149.14717	64.33709	254.81091	11.275911	372.0	3270000	56.8432	36.48733	103.838585	14.8911495	195.66667	0.040624294	-25.90985	25.90984	25639.04771709442	226.07315264487
328	133.0961	82.9104	333.477	0.29923055	322.56668	3280000	118.92823	80.12451	176.09695	5.616611	286.0	0.042007755	-25.899149	25.899101	25713.54566884041	224.7322080729938
329	128.8593	78.66614	299.61383	0.2993111	314.12122	3290000	159.74223	31.081577	203.42516	133.66422	374.66666	0.043636676	-25.928854	25.928812	25795.44009900093	223.455940059072
330	121.72261	71.82121	250.0644	0.29935834	306.03125	3300000	94.74524	59.033543	174.77034	34.131092	278.33334	0.044794045	-25.938501	25.938448	25874.786859035492	222.15726090272267
331	115.383446	78.399796	269.5928	0.29880276	306.9394	3310000	80.226036	95.60092	215.33188	8.301115	179.66667	0.045958363	-25.943075	25.943037	25949.42749786377	220.81839108446695
332	123.46602	71.841194	254.4776	9.162222	321.9355	3320000	187.64388	32.835308	223.2642	144.0339	454.33334	0.046578612	-25.920403	25.920357	26026.050775051117	219.4968137594591
333	150.61592	76.09538	287.94952	22.666014	376.76923	3330000	111.72216	46.138565	170.76523	58.146782	324.66666	0.04764208	-25.915741	25.91571	26105.67022895813	218.2005469527808
334	115.8001	64.91088	227.04367	16.782139	294.1143	3340000	73.37615	67.176796	167.2458	13.774445	183.0	0.04713332	-25.907272	25.907234	26183.77992105484	216.89159015850154
335	149.45421	75.618675	275.17413	14.89115	358.17856	3350000	85.959816	41.28584	132.48138	32.144352	268.0	0.044481248	-25.897083	25.897064	26263.62513613701	215.59692275346214
336	106.241295	74.90719	313.45822	8.235345	271.7027	3360000	135.43079	75.23915	203.19725	30.50407	337.0	0.042343944	-25.891436	25.891401	26342.497600317	214.2941272944685
337	110.97019	74.51985	281.94672	0.2994861	285.14285	3370000	221.4662	25.267405	244.93823	186.39651	477.66666	0.041183446	-25.879377	25.87935	26418.207170009613	212.96576501266657
338	117.67164	72.76565	234.47693	0.299425	303.0625	3380000	130.25175	88.505394	218.23373	9.162222	306.33334	0.039306775	-25.880236	25.880182	26496.666400671005	211.65976118117393
339	133.79082	66.63366	230.62979	20.137154	329.7	3390000	123.5447	57.586067	192.92632	51.92319	342.33334	0.03714253	-25.874815	25.87479	26574.195330142975	210.34638387411394
340	124.49167	82.22915	241.98753	10.791461	311.46875	3400000	169.71092	39.408283	213.84102	118.16842	409.0	0.035363592	-25.874119	25.874088	26651.394192695618	209.03054268032895
341	147.49644	69.85142	265.2964	0.2988028	358.5862	3410000	49.48173	48.449	117.48266	8.210533	149.0	0.034423247	-25.908468	25.908401	26736.619518518448	207.77724844843064
342	128.99367	72.1798	251.86748	0.29789445	318.2258	3420000	173.11224	18.4996	194.45876	149.33946	378.0	0.03426091	-25.922674	25.922617	26814.43562054634	206.46592728536265
343	116.4778	84.92374	285.73715	8.545334	289.05713	3430000	118.88322	66.831406	194.81308	32.177677	298.33334	0.03444012	-25.915041	25.914995	26892.851833820343	205.15926811273405
344	137.24025	84.4431	252.60501	8.169933	326.33334	3440000	55.482754	46.038017	118.02713	8.545333	159.33333	0.034482904	-25.947124	25.947077	26970.815009117126	203.8491832012354
345	149.73926	80.76482	333.06262	8.506667	353.86206	3450000	157.57646	10.51976	169.9245	144.21617	391.66666	0.034947522	-25.949175	25.949142	27054.34886932373	202.58087316895453
346	131.50925	79.34804	260.506	0.299425	326.5	3460000	147.97598	36.265427	173.81645	96.68943	399.33334	0.036388215	-25.966263	25.966228	27131.849094867706	201.26708865427557
347	126.672356	76.51232	246.76189	11.380445	316.46875	3470000	203.85054	70.743195	279.27374	109.214386	461.0	0.03752414	-25.98757	25.987524	27213.428124666214	199.9834055218298
348	132.5396	75.94647	290.18402	0.2994861	331.06668	3480000	65.98333	68.303665	162.54044	15.332056	161.33333	0.039316952	-25.992317	25.992247	27287.50502204895	198.64467256909586
349	128.12431	76.21357	293.5026	8.235345	324.58066	3490000	139.0398	57.532856	195.69014	60.13698	336.0	0.04163346	-25.998993	25.998932	27369.0178565979	197.36015741004184
350	127.52257	75.057755	262.0457	0.2993111	321.41934	3500000	109.91433	69.543816	202.62416	35.130928	293.0	0.044133436	-26.004526	26.004496	27449.075264930725	196.0648233141218
351	128.92091	81.715675	293.10114	0.29943612	313.7742	3510000	129.91457	69.149185	212.42384	43.200294	340.66666	0.045963358	-26.009083	26.009054	27525.257958173752	194.7418535401112
352	141.09042	76.879135	304.70416	9.162222	359.31033	3520000	146.96173	62.29992	194.53699	58.952877	384.33334	0.04677646	-26.010098	26.010067	27610.98032093048	193.4860363331708
353	123.53082	84.904915	300.13824	7.6137753	306.0625	3530000	149.18613	45.461887	207.49066	96.56876	390.33334	0.04320686	-25.98754	25.987495	27685.962487459183	192.15469714595645
354	109.59982	84.920425	263.40866	0.29935834	275.02704	3540000	110.92627	72.40997	197.61165	20.370861	298.0	0.04309908	-25.980267	25.980242	27765.397028923035	190.8544240135931
355	130.70572	74.93748	244.77159	14.89115	322.90323	3550000	44.150864	41.068108	102.22938	14.8911495	131.33333	0.044799183	-25.991426	25.991385	27838.696729898453	189.51225472593532
356	110.31622	73.74939	253.69897	0.29880276	282.7143	3560000	153.92686	95.02814	266.77643	34.301987	353.33334	0.045619447	-26.008543	26.008495	27922.492422819138	188.24152194676773
357	114.20674	73.04055	288.3755	0.29923055	299.63635	3570000	162.82253	64.165695	208.63469	72.07997	389.66666	0.047088023	-25.999077	25.999056	28000.674986600876	186.93261078186507
358	122.718575	73.01962	255.06041	0.2993111	311.0	3580000	164.99106	14.534468	185.5052	153.61432	414.66666	0.04968741	-25.984915	25.984901	28080.005943775177	185.6313242014338
359	115.93805	77.07157	291.21765	8.235345	291.67648	3590000	112.07504	84.27511	223.75798	20.19702	274.0	0.052664734	-25.985773	25.985775	28156.140792369843	184.30899960798803
360	134.79991	80.32098	287.12473	11.938858	328.2258	3600000	137.49373	97.18615	213.23479	0.29953334	345.66666	0.052885167	-26.00476	26.004715	28238.67608189583	183.02845608018063
361	144.39236	84.00738	321.30783	12.877733	346.27585	3610000	136.11412	46.82886	185.28952	73.11095	352.0	0.052611697	-26.021215	26.02123	28317.885070562363	181.7260399219182
362	125.98995	75.98128	337.68542	10.791461	325.0	3620000	25.846323	15.385841	47.559906	13.774445	92.666664	0.051947054	-26.013231	26.01322	28395.22777557373	180.41166818128764
363	127.86755	75.04412	329.86005	8.545333	322.9	3630000	274.33884	50.61633	338.11984	214.30571	569.6667	0.052903228	-26.009333	26.009314	28475.857872009277	179.1181142501047
364	164.20396	78.71215	295.80966	11.422667	378.81482	3640000	123.94574	63.257412	179.7936	35.498978	316.33334	0.054628737	-26.03524	26.035236	28558.59810948372	177.8374241175669
365	123.570335	74.61609	253.9307	11.716434	317.03125	3650000	60.678818	36.461906	112.2094	33.283947	200.0	0.056146592	-26.053904	26.053915	28636.89786672592	176.5288224602399
366	118.32766	72.50778	227.90927	5.037525	309.4375	3660000	85.62168	25.610554	109.23814	50.0322	271.33334	0.057677176	-26.032	26.032001	28716.798244953156	175.2300075012695
367	135.15923	79.93054	244.16844	8.235345	328.6	3670000	17.04383	12.021303	34.0427	8.3290415	60.0	0.058598172	-26.054296	26.054277	28793.140433073044	173.9095221376874
368	113.87086	77.37491	285.16595	5.049	296.2353	3680000	178.13539	41.72614	231.17401	129.21553	429.33334	0.059818003	-26.069267	26.069273	28873.889157533646	172.6156416969455
369	136.96893	79.91666	262.76382	11.989083	334.3	3690000	133.7819	87.118385	201.55666	10.791461	284.0	0.060197417	-26.058718	26.058708	28955.455706596375	171.3263187641912
370	133.57234	75.70527	294.05606	11.716434	331.46667	3700000	121.82596	68.31248	196.65947	31.495588	322.66666	0.06092643	-26.052437	26.052418	29032.952748060226	170.0127863555341
371	147.86337	94.54487	371.61786	12.4535	358.85715	3710000	169.38048	47.745293	236.51842	129.58327	432.66666	0.059025485	-26.04214	26.042141	29108.56880736351	168.68847151962575
372	112.48424	81.067825	240.40005	0.2994861	287.22858	3720000	148.21515	80.49815	219.44543	35.693485	358.33334	0.050909	-26.035646	26.035637	29188.606284856796	167.3898568238836
373	108.52482	77.967415	257.4771	5.037525	286.64706	3730000	20.43091	4.021032	25.49595	15.659625	72.333336	0.051135197	-26.042084	26.04208	29268.518890619278	166.09034401195407
374	140.35478	76.11497	298.23282	0.29935834	351.68967	3740000	142.37114	77.314095	199.34552	33.065376	308.0	0.052817117	-26.0132	26.013193	29349.939569473267	164.7991259181563
375	133.34393	72.63174	261.08664	0.29923055	336.72415	3750000	120.02589	21.416782	140.24915	90.387794	335.33334	0.053375	-26.004244	26.004234	29425.63643336296	163.47575795650482
376	130.80544	71.28513	271.183	8.169933	331.73334	3760000	54.28136	58.046734	136.23517	9.203908	152.66667	0.054860964	-26.010675	26.010635	29506.41512989998	162.18065052882153
377	146.98338	64.869415	239.9703	8.817875	369.42856	3770000	123.69458	41.076305	179.58115	82.02495	328.0	0.0568467	-26.002064	26.002073	29586.97139263153	160.88406194284045
378	133.23447	66.42521	255.76897	13.774445	349.14285	3780000	151.22188	12.557924	162.49721	133.70135	361.66666	0.053756084	-26.006092	26.006063	29667.233411073685	159.585647090192
379	121.52439	79.74353	236.14677	0.29935834	305.66666	3790000	104.65412	18.219337	128.83951	84.86619	278.66666	0.05231252	-26.018406	26.018415	29746.34845662117	158.28092186173117
380	105.21421	81.147156	310.70914	0.29880276	269.48648	3800000	61.816196	62.006653	148.87132	9.162222	176.0	0.052574035	-26.022566	26.022566	29823.024898290634	156.96328893335243
381	130.66856	87.12933	293.43057	0.2996	328.6	3810000	123.30654	78.31248	182.16841	12.63075	262.33334	0.053017158	-25.986105	25.9861	29900.473818540573	155.64988557711465
382	120.38327	84.19332	273.72964	0.299425	292.82352	3820000	86.9154	36.86372	130.4594	40.31719	260.66666	0.053110193	-25.983139	25.983139	29980.86652779579	154.35175611427732
383	159.41348	73.79355	291.16913	18.019526	375.96295	3830000	121.377075	72.11672	217.07942	42.996777	315.66666	0.053895336	-25.990648	25.990665	30062.65030193329	153.0604910885385
384	129.32468	83.80129	264.656	8.169933	328.32257	3840000	113.54322	31.368423	157.08693	84.42791	357.66666	0.05449685	-26.014679	26.014692	30140.498990297318	151.74904005051488
385	127.45108	81.27568	284.54562	8.817875	318.25806	3850000	69.06237	45.141678	104.325264	5.343475	200.33333	0.05677576	-25.99063	25.990604	30219.11736536026	150.4414933725869
386	121.32813	65.3147	258.93384	8.210533	314.6875	3860000	206.61426	29.021616	235.29906	166.85005	534.0	0.059001952	-25.989714	25.989706	30301.82902932167	149.1540807095834
387	115.758224	69.52329	235.52582	0.299425	307.0	3870000	176.33398	8.6542225	184.86014	164.46683	408.33334	0.06354211	-25.975082	25.975067	30381.046595811844	147.84919316188515
388	121.61706	73.75176	230.39128	8.801084	320.09677	3880000	68.75782	33.553078	112.20335	30.50997	234.66667	0.068164244	-25.94924	25.949257	30463.49767112732	146.5597826044994
389	141.19879	76.21793	306.74826	0.29935834	356.5357	3890000	140.30896	37.839466	186.6919	94.00461	348.33334	0.0584495	-25.940649	25.940657	30538.60238146782	145.23499846660692
390	127.956406	78.06022	257.1334	8.235345	316.4375	3900000	179.69507	43.3773	227.92523	122.75053	375.66666	0.051530223	-25.979551	25.979542	30620.92939567566	143.94453988971873
391	121.816895	72.572044	251.04048	7.6137753	314.19354	3910000	194.15498	71.289665	259.02032	94.88152	456.0	0.052906275	-26.002922	26.002903	30698.51071047783	142.6316141235351
392	126.01607	79.77946	273.3043	0.29953334	317.25806	3920000	102.04812	72.87332	180.678	5.037525	254.33333	0.053984948	-25.999409	25.999407	30776.711352586746	141.32163375530925
393	114.67486	82.10889	238.7136	0.29943612	284.22223	3930000	121.36538	83.1321	238.85779	59.00374	287.66666	0.05641606	-25.998693	25.998669	30851.557267427444	139.9964642711066
394	146.2013	81.38405	301.50037	17.405	342.2069	3940000	138.69621	32.20568	174.12267	96.19319	338.33334	0.060046285	-26.020735	26.020727	30930.003752708435	138.68783408040323
395	103.54784	74.12069	241.9813	0.2994861	263.71796	3950000	127.25336	101.89068	269.2524	35.046062	340.33334	0.06680205	-26.044556	26.044567	31009.96943807602	137.3859405452692
396	119.94703	78.19278	280.0001	8.75975	312.74194	3960000	187.48515	26.941448	206.83888	149.3858	479.0	0.07445001	-26.028008	26.028008	31069.409323453903	135.9940475395633
397	125.076225	61.822517	216.4949	0.29880276	328.0645	3970000	152.53917	39.852924	198.319	101.17929	393.33334	0.08288388	-26.023457	26.023434	31138.24974322319	134.6448246632375
398	129.88722	74.60501	259.589	10.24275	328.9	3980000	156.59993	44.38468	211.51488	102.81259	401.66666	0.06395084	-26.009455	26.009434	31203.45183467865	133.2810756706712
399	125.99244	81.62835	274.0208	0.299425	315.4516	3990000	123.42145	81.09766	204.00186	12.4535	305.0	0.056161113	-25.982067	25.982077	31264.159111738205	131.89975230531485
400	133.71637	74.06801	256.11014	0.29923055	348.2	4000000	11.644429	8.0339775	17.851688	0.2994639	38.0	0.056854054	-25.967514	25.967518	31332.065926790237	130.55027468999228
401	115.72268	76.16275	251.18327	5.049	296.42426	4010000	172.11641	35.270836	214.8783	128.49556	403.0	0.056087464	-25.992086	25.992102	31396.999151706696	129.18964737742917
402	116.263916	81.54886	343.52277	5.3995605	309.57574	4020000	72.599525	40.853626	123.70002	23.702267	251.66667	0.05713865	-25.994091	25.994038	31466.003848791122	127.84694764046725
403	126.89783	84.995346	271.9096	0.299425	311.125	4030000	187.89343	110.33348	279.1786	32.6585	407.0	0.05762072	-26.0086	26.008663	31529.67982649803	126.48382725619008
404	122.41717	67.07579	221.66281	8.210533	319.48386	4040000	182.73126	44.597733	231.28166	123.59088	429.33334	0.055735234	-25.997787	25.997719	31594.740191459656	125.12768392279597
405	129.30661	64.99343	254.00932	17.69593	330.8	4050000	98.68514	109.973625	252.19238	0.29953334	207.0	0.05367299	-25.994558	25.994549	31658.385896205902	123.76735226445727
406	131.79465	83.12739	336.54468	10.24275	328.23334	4060000	150.35544	109.67126	286.003	17.405	332.0	0.05379593	-26.003052	26.003069	31727.14337873459	122.4282215717978
407	118.38486	72.55969	246.09605	8.210533	299.20587	4070000	113.30652	68.03542	196.27563	29.628092	289.33334	0.055051774	-25.972086	25.972076	31792.597603082657	121.07746015462008
408	167.70923	72.45372	369.96838	32.960613	392.84616	4080000	133.30473	26.812162	170.13184	107.07061	384.33334	0.05745364	-25.98663	25.986609	31859.400140285492	119.73303974021493
409	141.85556	79.63841	288.1475	0.29910278	333.6	4090000	168.80707	69.16786	256.50433	87.43268	393.66666	0.060338285	-26.043524	26.043512	31923.278299093246	118.37890485455179
410	132.08014	82.3462	262.37012	0.29789445	322.19354	4100000	133.39964	69.41405	192.89478	36.030247	340.0	0.06325147	-26.05696	26.056944	31990.55603671074	117.03861964301365
411	112.926926	71.82066	233.9741	0.29953334	279.65714	4110000	67.23456	72.330956	167.69023	0.29910278	171.33333	0.06552307	-26.052166	26.052166	32050.689558267593	115.67361600166012
412	135.59059	76.60321	247.6613	0.3216796	337.56668	4120000	96.76053	72.26946	198.71524	39.599285	245.33333	0.0670068	-26.044981	26.045004	32115.94877743721	114.32862023990903
413	127.94723	78.409225	333.38962	0.29935834	321.48386	4130000	118.91727	86.52651	214.63612	5.037525	262.66666	0.064141914	-26.062412	26.06242	32177.430965662003	112.97160992452078
414	146.40627	67.18492	247.28008	8.506667	340.6207	4140000	130.12827	45.748405	171.11649	66.28269	364.33334	0.049011067	-26.105219	26.10522	32248.13760662079	111.6481414688958
415	128.86284	76.31194	242.54033	0.29943612	310.57574	4150000	174.21684	8.4406595	183.96451	163.37607	427.0	0.047493156	-26.131483	26.131449	32316.407272815704	110.3170529360752
416	128.96933	84.00459	297.5471	5.049	320.2	4160000	172.48067	44.15717	206.84497	110.14208	390.66666	0.05306313	-26.1491	26.149117	32377.317259073257	108.96212538710007
417	120.37667	71.07145	222.79745	0.29943612	304.67648	4170000	166.87819	32.77827	211.53275	133.77592	410.66666	0.057681777	-26.1299	26.12987	32445.846425056458	107.63410284574464
418	139.37979	68.97214	259.99802	6.3695173	346.7586	4180000	138.26903	97.56174	208.0694	0.29910278	284.33334	0.060996264	-26.137579	26.137598	32511.70906829834	106.29825133583383
419	119.24496	87.49105	272.29614	8.3290415	283.02942	4190000	113.478264	47.81364	179.31122	67.19269	314.66666	0.06422984	-26.156704	26.156675	32571.738497257233	104.94474217186111
420	137.13411	74.09558	283.60934	12.63075	334.8387	4200000	96.48293	71.24046	178.84254	5.049	265.66666	0.06693684	-26.176247	26.176247	32642.53540301323	103.62709651371789
421	127.36017	87.29015	300.3616	0.29910278	305.875	4210000	139.52913	89.35184	229.48245	17.69593	309.0	0.07194734	-26.184624	26.184637	32703.92283654213	102.28067711693657
422	138.06894	82.724945	353.80936	0.29880276	340.51724	4220000	105.12445	69.12923	164.71893	8.210533	275.66666	0.0770253	-26.192719	26.192715	32767.56282544136	100.94272908017533
423	122.47955	77.928856	265.42087	11.938858	312.69696	4230000	178.10632	62.53344	257.76016	105.006355	416.66666	0.082701996	-26.208378	26.208366	32837.50724697113	99.62521898909945
424	115.20727	72.538376	269.65063	5.037525	303.125	4240000	235.86371	54.96561	311.27496	181.82759	499.66666	0.0889634	-26.215221	26.215221	32902.48184108734	98.29357782429868
425	129.13704	71.66514	254.88576	0.29935834	321.84375	4250000	94.273445	70.936134	171.66624	0.29894444	271.66666	0.09371526	-26.23049	26.230463	32970.15228223801	96.9710361214245
426	108.34943	70.51554	238.0618	0.29935834	290.81818	4260000	160.44785	102.87578	254.89333	17.385778	346.33334	0.09823865	-26.219746	26.219755	33035.87341094017	95.6437649577996
427	127.234955	79.88889	243.70372	8.3290415	317.15625	4270000	102.921684	68.56574	184.58496	16.810656	266.33334	0.08993509	-26.232027	26.232016	33098.84524226189	94.3097463940476
428	130.62471	68.18166	226.55127	7.613775	335.7	4280000	146.62665	33.77222	193.3233	114.594376	330.33334	0.07128189	-26.22656	26.226545	33167.17411279678	92.99207694909282
429	132.647	70.00401	271.61	5.616611	338.43332	4290000	85.126915	48.110046	145.55475	27.834917	256.33334	0.06259407	-26.214045	26.214056	33231.58805823326	91.66444258223973
430	129.89702	73.62873	244.48013	0.2993111	321.63333	4300000	144.85503	92.075356	224.79822	15.868703	337.0	0.057966825	-26.224968	26.22498	33298.5104072094	90.34479567524075
431	111.72935	91.659065	274.26373	0.29789445	270.21054	4310000	167.3194	104.80467	314.72836	80.23671	419.66666	0.055219382	-26.230457	26.230446	33368.459418058395	89.03417245863209
432	120.81531	73.92915	235.83656	0.2993111	298.0606	4320000	263.916	46.345333	325.1797	213.11227	562.3333	0.05407686	-26.238588	26.23858	33433.10969424248	87.71031863917538
433	129.09146	78.68103	256.4219	0.3210798	309.33334	4330000	186.08301	64.56394	245.83282	96.41492	420.33334	0.05333128	-26.221882	26.221867	33497.696976184845	86.38744023573959
434	135.54057	72.93689	279.61603	10.383277	335.93103	4340000	152.87962	50.351025	215.78029	92.52482	404.66666	0.05431486	-26.228653	26.228634	33562.74097275734	85.06685499765905
435	121.92693	77.06341	242.94926	8.506666	305.30304	4350000	96.18551	34.14638	122.93512	47.992508	283.66666	0.054567106	-26.213648	26.213667	33631.387576818466	83.75632921192381
436	140.56468	77.52611	244.93625	0.299425	356.64285	4360000	122.16311	62.998184	178.00975	34.123062	299.66666	0.055558305	-26.229702	26.229681	33698.267085790634	82.44224363321194
437	93.22736	60.180542	213.56839	8.210533	251.04878	4370000	177.80266	35.91892	214.20761	128.92017	419.0	0.05667324	-26.19976	26.199781	33759.94811820984	81.11658014443701
438	144.90149	79.00168	289.90762	0.29953334	364.1111	4380000	159.774	47.659184	200.92583	92.970474	375.0	0.057782408	-26.194902	26.1949	33828.287016391754	79.80798306534098
439	143.33374	70.46144	271.7368	16.835157	346.60715	4390000	21.952692	15.313964	33.115128	0.29894444	76.333336	0.056347582	-26.216593	26.216585	33890.51135969162	78.48599821120025
440	128.55098	72.26259	264.01285	8.801084	324.15625	4400000	106.27436	20.251688	121.262886	77.64472	292.66666	0.05060133	-26.224064	26.224043	33957.65766406059	77.17649468887936
441	115.43343	74.42355	226.47963	5.049561	305.18182	4410000	41.510113	42.659306	101.36416	5.037525	124.0	0.048683956	-26.217056	26.217108	34026.14736580849	75.87085013274253
442	96.81155	75.720085	266.74176	0.29910278	258.89474	4420000	42.207546	34.541897	90.17274	10.21125	146.0	0.04775822	-26.190418	26.190392	34087.10287642479	74.54947084326909
443	127.8123	65.735695	250.08038	8.817875	324.56668	4430000	82.06957	54.24125	157.90257	34.143772	236.0	0.048621498	-26.15976	26.159765	34151.42629241943	73.23669295060716
444	142.82745	75.08752	246.90866	7.0325	346.96667	4440000	75.75413	47.187473	125.34684	12.287261	198.33333	0.04997675	-26.147238	26.147211	34216.08618474007	71.92570669264407
445	142.85738	52.751263	225.87054	12.63075	350.67856	4450000	162.44075	30.636433	188.31624	119.40765	423.0	0.05261871	-26.128498	26.128496	34281.282990694046	70.61687507200777
446	140.63402	76.078926	328.91937	5.037525	357.03705	4460000	178.46342	68.5552	252.53706	87.255165	410.66666	0.055886827	-26.121897	26.121916	34346.62470269203	69.30933235776799
447	114.09818	86.208916	271.2661	0.29789445	286.41666	4470000	181.45825	65.76152	248.84154	92.25548	454.0	0.05961852	-26.115286	26.11527	34410.85244870186	68.000565985483
448	128.94948	77.45776	262.41617	0.299425	319.375	4480000	83.170746	69.84722	171.15985	0.2996	235.0	0.06465045	-26.115995	26.116013	34478.73177790642	66.69992754470024
449	134.04318	64.45045	240.53415	8.506666	331.93103	4490000	165.96002	46.884686	214.4536	102.55279	424.0	0.06982308	-26.116228	26.116224	34544.56764912605	65.3961748350702
450	122.2521	78.44868	284.62326	16.810656	310.78787	4500000	155.96289	65.40329	236.53595	76.33972	376.33334	0.07426834	-26.111097	26.111073	34611.69247126579	64.09572679687429
451	128.7459	74.27971	245.94489	0.29953334	324.90323	4510000	160.80257	33.412987	191.63472	114.37561	391.0	0.0779536	-26.094597	26.094625	34677.34006500244	62.79340957643716
452	126.68335	66.40193	265.57428	18.301624	335.43332	4520000	193.03444	68.04464	276.81195	110.14439	439.66666	0.07960566	-26.082657	26.082647	34742.85671377182	61.49178179217651
453	140.78064	76.39784	232.73578	0.29880276	345.48276	4530000	211.72475	18.269821	237.25218	195.50526	491.33334	0.07217077	-26.105099	26.105087	34809.086858034134	60.192313548946665
454	116.61669	77.06371	258.67328	0.29910278	294.36365	4540000	47.748596	46.422882	110.76749	0.29894444	131.33333	0.060769558	-26.104694	26.10471	34873.75617647171	58.89107136794649
455	140.45232	73.79622	282.4154	0.29789445	345.4138	4550000	95.98423	37.18248	148.1421	64.11977	283.66666	0.056256585	-26.125595	26.12556	34942.48827338219	57.59750814136568
456	128.63957	83.2738	245.85129	0.29923055	320.375	4560000	154.51	28.090588	194.23584	134.52394	358.66666	0.055378478	-26.161798	26.161844	35010.60412287712	56.30360311966891
457	122.47969	57.232834	220.64148	11.422667	323.2	4570000	121.906395	54.67811	175.53294	46.847	342.0	0.057670366	-26.174942	26.174889	35073.763768196106	55.00262005841271
458	132.49031	78.77233	289.06735	0.29935834	333.25806	4580000	166.12373	23.31408	188.54292	133.97723	408.33334	0.061995365	-26.177168	26.177149	35143.42597365379	53.7126597839672
459	110.68637	85.2194	293.8533	8.235345	283.65714	4590000	88.57168	75.80994	195.51794	28.572275	217.66667	0.066506684	-26.14953	26.149504	35209.84900045395	52.41843896112151
460	134.95331	74.70808	302.7632	7.0325	333.53333	4600000	136.92746	62.75467	194.80632	49.723534	339.0	0.07272939	-26.137274	26.13727	35273.56152963638	51.12110366441201
461	142.86777	70.06696	252.24542	8.210533	346.6207	4610000	163.07135	26.947733	200.0056	136.46994	415.66666	0.07906092	-26.134901	26.134892	35342.706862449646	49.83245002163206
462	123.040764	75.07599	283.25272	0.29923055	310.40625	4620000	101.38952	72.70858	191.34065	13.27	265.0	0.085339636	-26.129549	26.129532	35405.81984138489	48.53611666437179
463	126.85474	65.99774	217.54948	0.299425	320.7	4630000	54.52264	23.20134	79.225655	23.468885	177.0	0.07545926	-26.143677	26.143671	35470.73455286026	47.243238963704904
464	115.25435	73.36476	232.11256	0.2994861	298.94287	4640000	153.9782	12.690105	168.80263	137.8061	392.0	0.05606062	-26.108608	26.108612	35539.87533044815	45.95673533955525
465	148.53004	61.875923	298.7314	15.332055	375.73077	4650000	13.299203	12.997242	31.052843	0.29943612	56.333332	0.051258456	-26.080677	26.08066	35605.12984132767	44.665933491807685
466	119.22785	71.7114	227.17851	0.2996	312.40625	4660000	152.08589	95.98113	228.84265	16.754606	320.33334	0.052729614	-26.099762	26.099771	35670.57289600372	43.37623313389111
467	119.08062	74.51485	252.65985	10.248	312.46875	4670000	217.29741	20.671091	243.1752	192.58159	480.0	0.05602623	-26.099789	26.099754	35732.00201392174	42.08265761698594
468	119.56703	88.75606	271.62753	0.29789445	290.8857	4680000	21.958998	6.742935	28.337362	12.63075	78.0	0.057895523	-26.115509	26.1155	35803.551535367966	40.80176813011496
469	149.38768	74.359955	276.4599	10.21125	360.51852	4690000	228.03029	142.71245	383.20544	38.680614	417.66666	0.058629196	-26.123592	26.123648	35866.582669734955	39.511871454592026
470	148.38245	88.73001	328.123	0.2996	344.5862	4700000	150.73232	86.34785	248.29773	38.351894	383.66666	0.058050804	-26.131248	26.131208	35932.06569647789	38.22560180374917
471	134.0907	63.774014	275.19974	20.3129	344.17242	4710000	31.401484	29.115116	72.57053	10.21125	107.333336	0.05835244	-26.135834	26.135847	35999.3356590271	36.94199342099134
