Epoch	AverageEpRet	StdEpRet	MaxEpRet	MinEpRet	EpLen	TotalEnvInteracts	AverageTestEpRet	StdTestEpRet	MaxTestEpRet	MinTestEpRet	TestEpLen	LossQ1	LossQ2	LossPi	LossAlpha	Alpha	Time	remian_mins
1	834.31036	799.05975	2399.32	174.2646	1797.4	10000	506.06534	158.04916	647.90466	285.54453	1111.0	145.89803	145.53937	179.9731	-0.73141587	1.6173469	147.99285984039307	1230.8072764078777
2	252.49855	219.34546	808.00256	8.195277	621.93335	20000	514.4964	157.46992	715.8785	331.47003	880.3333	7.526774	7.5030665	95.7448	-16.44982	0.18830466	297.24246191978455	1233.5562120199204
3	341.9391	272.3386	851.8077	11.076379	801.1667	30000	210.86815	145.2513	404.6754	55.007202	476.0	2.8312247	2.969959	26.955387	-21.919819	0.01161332	448.26779770851135	1237.717194373078
4	348.47256	463.1668	1452.8835	9.404712	816.1429	40000	259.43448	177.4138	505.08508	92.39009	618.0	1.4146755	1.4664748	-6.6235256	-3.0169296	0.0013471037	614.9173138141632	1270.8291127522787
5	364.60294	209.56578	808.2277	146.08412	831.0833	50000	404.6351	280.00858	799.97754	187.33022	867.3333	1.1738149	1.2147758	-26.171278	0.08711967	0.0013737532	772.2214727401733	1274.1654284477233
6	277.05112	206.80215	742.9838	11.90437	620.64703	60000	2010.9164	1363.0034	3823.9834	537.58606	3633.3333	0.941719	0.98557353	-37.578133	0.16865106	0.0018778852	967.3485105037689	1327.4171214381854
7	435.40335	350.8377	1050.8395	10.7964735	803.2727	70000	376.16492	390.98376	917.7501	8.850132	646.3333	0.69320107	0.73854774	-44.09033	-0.010928795	0.0020948686	1111.033075094223	1304.1412036935487
8	628.6524	457.10928	1568.7809	0.29867703	1062.9	80000	1539.8375	1359.6251	3450.5806	398.27692	3090.6667	0.6919848	0.73000765	-49.90793	0.022228025	0.0024425266	1300.3673539161682	1332.876536297798
9	1431.2063	1804.3743	4555.9917	353.91315	2272.25	90000	1433.4427	1127.5084	2821.6235	59.919872	2376.6667	0.5845058	0.6109426	-53.65304	-0.015525404	0.0022048473	1467.5557186603546	1334.3886243700981
10	1212.3679	825.52686	2458.285	226.10715	2053.8	100000	714.1308	771.6699	1801.453	89.78946	1453.6666	0.6180619	0.64260733	-55.69494	0.037471823	0.002485567	1636.7008068561554	1336.6389914870263
11	852.56586	486.1498	1723.4026	217.3517	1540.5	110000	204.45947	178.8934	435.9633	0.34037024	479.33334	0.82617486	0.8523314	-57.447582	0.025262602	0.002846285	1782.5721497535706	1320.7239100705492
12	1669.3444	2121.1912	5341.9434	360.74966	2824.0	120000	879.8723	630.2121	1769.2324	384.89468	1557.3334	1.097787	1.140358	-59.42795	0.043462276	0.0030446118	1965.0282204151154	1331.8524595340093
13	810.2088	754.71246	2414.5688	172.7062	1430.5	130000	840.6997	650.894	1731.4734	194.34969	1366.3334	1.5011944	1.5700777	-61.098648	-0.004063981	0.0033872076	2113.4036672115326	1319.522545173535
14	574.36383	636.37244	2403.329	84.587814	1142.6	140000	263.46143	112.25423	415.53677	147.97334	561.0	2.0388327	2.1353328	-63.20089	0.06387215	0.0038615556	2282.455547094345	1320.5635659813881
15	317.25208	271.46814	907.0769	7.8861465	659.93335	150000	1581.0529	1247.8171	3340.646	585.3021	2343.6667	2.282087	2.4213064	-64.77428	0.036716443	0.0046751425	2461.980059146881	1326.733697769377
16	641.01953	612.4657	1637.8298	48.711445	1124.7142	160000	1092.2784	659.81384	2007.9465	478.89545	1661.3334	2.2937024	2.4099615	-65.77501	-0.014004248	0.004817504	2600.7575743198395	1311.2152765721082
17	1803.7504	2911.0598	7573.3374	38.061836	2587.8	170000	198.33784	194.9857	469.1692	18.012068	443.0	2.2017498	2.3461485	-67.8479	0.029932875	0.0049899635	2791.7594664096832	1321.9802174659337
18	328.6397	239.03535	718.5412	5.916502	735.9231	180000	2355.389	2470.4353	5803.546	144.24199	3595.3333	2.3448439	2.4580476	-69.42355	-0.009676675	0.0055421246	2967.3086035251617	1324.2988394021988
19	329.24094	267.10043	920.3981	29.473633	745.61536	190000	333.02475	53.867348	401.4011	269.74976	697.6667	2.6343133	2.7916274	-69.1259	0.0032364111	0.0054431576	3122.6831390857697	1317.5531484317362
20	443.7413	390.90622	1459.2614	13.620869	948.5	200000	631.48737	679.1993	1581.4701	33.544373	1171.3334	2.8064122	2.9488826	-67.88537	0.024956016	0.005498953	3278.4015362262726	1311.3606141090393
21	824.272	609.31537	2046.8206	236.21936	1795.1666	210000	528.3343	427.9807	1124.2377	138.59155	1030.6666	2.9426358	3.1537635	-67.06512	0.003151455	0.0058435407	3452.547575235367	1312.5161015608953
22	465.4336	437.28964	1602.2552	24.966293	910.4545	220000	932.6535	439.10016	1440.7139	369.39938	1571.6666	3.3055272	3.6648464	-66.32552	-0.0022301478	0.006242256	3620.3117830753326	1310.9916907986005
23	538.8588	356.23303	1473.013	162.11426	1017.55554	230000	390.80637	399.67798	952.10406	52.517735	851.0	3.8767257	4.277684	-66.13162	-0.013366032	0.005963756	3769.234840631485	1302.8442163234172
24	939.94574	640.0904	2282.07	222.59996	1598.0	240000	550.2657	479.7892	1227.32	173.07712	986.0	5.301878	6.011119	-66.05735	0.033862624	0.006102569	3942.5791873931885	1303.2414532952837
25	643.8166	493.12823	1652.4535	121.908966	1434.4286	250000	1418.5259	1025.1185	2751.808	258.86246	3225.0	7.7244983	8.708384	-67.972534	0.056221385	0.008196506	4128.9444897174835	1307.4990881085396
26	326.8198	398.80612	1385.2838	0.29886484	699.8182	260000	626.03076	245.08629	859.68713	287.49457	1314.0	8.890225	9.766794	-68.4987	-0.009629867	0.007871232	4263.664516687393	1295.498064323572
27	1310.1329	1602.8033	4849.769	295.97055	1938.6666	270000	680.24664	418.85602	1052.6376	95.10967	1261.0	9.300463	10.221988	-69.513084	0.028930878	0.008284637	4446.122529029846	1298.1579973950797
28	372.10922	420.658	1663.7443	0.29890555	811.7692	280000	786.79474	359.21957	1285.6913	454.37225	1233.0	12.270343	13.678319	-71.188866	0.012568985	0.008926577	4613.553265333176	1296.1887742780502
29	888.6315	993.87634	3290.0154	238.03326	1455.4286	290000	315.0391	210.25253	538.92145	33.63787	618.6667	15.054362	16.273327	-72.85294	0.020535635	0.009709185	4774.746016025543	1292.4743522911235
30	418.61133	218.81453	752.22296	110.98834	851.2727	300000	206.74207	169.49947	419.93646	5.2438083	676.6667	18.945555	20.875538	-74.6753	0.03783893	0.010784306	4926.298191070557	1286.311194086075
31	328.7878	337.3482	1383.0723	28.387882	758.5714	310000	277.92587	140.3298	472.24542	145.85738	708.0	25.58203	27.570452	-76.578896	0.0031230645	0.0116033675	5091.763751983643	1283.8909672694822
32	337.36865	218.13916	904.34906	131.87286	912.63635	320000	188.83824	153.81279	387.66656	13.017082	503.66666	28.86813	30.759329	-78.651985	0.030831508	0.012732991	5243.411641359329	1278.0815872907638
33	392.69266	261.97205	839.825	8.747343	1036.6666	330000	279.47446	184.82077	540.75964	142.86534	729.0	29.474712	31.667732	-79.36077	-4.312693e-06	0.01402564	5395.365597724915	1272.543299900763
34	447.56396	316.88217	1335.2872	144.02261	928.0909	340000	214.0649	130.58557	393.9455	87.91529	545.3333	33.366177	35.666294	-81.95088	0.03044625	0.013703805	5552.325556755066	1268.3253474962478
35	1538.6155	1175.2191	2871.6013	263.29126	2509.25	350000	745.4517	728.6194	1760.3657	83.749794	1564.3334	35.09256	37.939915	-86.06268	0.0072410777	0.015140318	5713.351310968399	1265.0992186461176
36	479.25244	273.69122	1050.7993	114.32423	1129.0	360000	363.68777	35.37373	391.24533	313.7512	760.6667	45.781246	49.394753	-93.854294	0.04978074	0.018496128	5877.272013902664	1262.5250990267155
37	291.32605	212.45784	771.3828	0.29866293	691.0769	370000	437.3314	381.78125	976.1321	137.83545	911.3333	49.61784	52.10875	-94.274155	-0.0005967237	0.019735692	6025.883599996567	1256.7495974580447
38	376.84976	346.87015	1075.2394	66.24622	848.38464	380000	589.8628	311.44107	911.0618	168.27153	1212.0	52.860188	54.597855	-94.46421	-0.00620924	0.019008407	6200.772472143173	1256.4723164821926
39	397.29065	171.76065	719.66156	104.644844	947.8	390000	656.3266	652.7563	1554.3124	21.990044	1144.3334	52.09402	52.67472	-93.13894	0.030041922	0.019807573	6353.646914958954	1251.7227467335188
40	261.859	165.29382	643.1516	10.177045	631.0	400000	583.15985	182.98225	723.21936	324.68576	1429.0	50.38122	50.565796	-95.94375	0.014403997	0.02395774	6527.88978934288	1251.178876107931
41	321.72595	188.1882	789.1677	74.75188	750.3077	410000	377.11807	219.58511	687.16907	207.00185	1025.0	47.192806	47.93648	-97.37102	0.02918031	0.025088472	6684.227779626846	1247.1790855329211
42	477.18713	900.50073	3265.0671	5.487587	900.36365	420000	464.7581	320.03705	734.11597	15.086607	747.0	53.653595	54.29053	-98.26703	-0.04167757	0.023950953	6841.840969800949	1243.477445882086
43	353.77087	341.12466	999.50476	23.91779	770.46155	430000	304.05774	180.10396	546.1152	114.3828	801.6667	52.662884	50.515873	-95.41506	0.009354593	0.022501105	7000.28316283226	1239.9726376308026
44	444.93204	498.19882	1599.8185	62.61299	919.9091	440000	316.58588	356.0362	817.33887	20.630075	617.6667	44.49688	43.781696	-92.01544	-0.019917982	0.021690385	7152.172513961792	1235.3752522056752
45	1091.713	895.1266	2351.7603	356.38962	1831.0	450000	2984.0632	4089.3364	8767.029	48.000946	3543.3333	45.31169	43.946957	-88.773506	-0.011131359	0.020365903	7285.532878398895	1227.74720708485
46	1820.8485	3111.801	8768.089	270.53128	2463.6667	460000	245.57715	191.02515	466.27032	0.29800296	536.0	42.993797	40.438717	-87.257614	0.005416376	0.020129884	7498.306030750275	1233.417006311382
47	502.88574	404.7085	1086.254	0.29915842	1051.7142	470000	2148.0173	1755.8356	4460.343	208.08089	3137.0	48.788597	45.731808	-89.04435	-0.006619709	0.021560611	7649.040276527405	1228.7288101868428
48	1154.2335	1043.1359	3107.1702	6.745112	1865.5	480000	312.78314	113.415306	469.0026	203.19075	982.3333	46.37747	43.640774	-87.03443	-0.016858386	0.01996372	7819.009909391403	1227.1501661853658
49	720.0985	897.9784	2935.943	0.2989474	1235.8889	490000	115.75065	35.98922	154.55197	67.824936	399.66666	42.611465	38.962887	-80.8246	-0.0059420676	0.018874729	7984.560834169388	1224.8424951999366
50	484.62207	287.6926	1047.4434	22.553091	1013.125	500000	701.5297	721.619	1721.8745	174.82169	1185.3334	35.138496	31.589485	-75.387665	-0.028400205	0.017476907	8127.257606267929	1219.0886407971382
51	700.62604	416.05103	1323.4896	300.04608	1438.5	510000	891.71027	780.76953	1953.8257	99.24335	1766.6666	29.275217	26.903513	-72.36924	-0.019557966	0.016378326	8245.28008723259	1209.846653182756
52	1878.0043	2399.364	5603.753	48.993996	2645.6667	520000	160.3933	41.82625	203.60896	103.8075	504.66666	24.720375	23.004316	-66.30958	-0.0298541	0.013792111	8462.911578416824	1215.1873033621373
53	935.51807	690.49023	2192.6208	63.00814	1708.3334	530000	1013.16486	969.9711	2381.5164	245.46329	1457.3334	26.972815	26.095675	-62.87111	0.014213972	0.013858053	8631.342411279678	1213.2736028938923
54	793.15564	709.8643	2336.3489	47.474907	1317.0	540000	318.0823	254.05075	676.67694	119.54712	912.3333	30.600624	27.124231	-61.411934	0.012267419	0.01492682	8783.77108502388	1209.1240442886765
55	841.53406	743.01227	1973.3381	29.474846	1422.0	550000	214.73747	193.08267	478.4807	21.620377	596.0	30.52234	25.314772	-60.448162	0.009093377	0.014065354	8939.66923236847	1205.5008509029042
56	989.1335	296.48404	1463.1669	722.27106	1600.25	560000	3716.4023	4110.6743	9470.365	121.50927	4187.0	29.891256	24.321451	-59.102276	0.008372218	0.015058048	9092.284809112549	1201.4804925067083
57	1140.2269	1761.8987	4190.1787	27.374094	1598.75	570000	7072.8774	2911.6948	9162.447	2955.2722	7920.0	26.746584	21.349049	-58.420887	-0.0319907	0.014700409	9281.289865255356	1202.2255584152122
58	8673.557	0.0	8673.557	8673.557	10000.0	580000	947.0376	1035.9327	2402.4065	73.884026	1599.0	25.444471	20.30365	-58.44736	-0.01728482	0.013532555	9445.590591192245	1199.698574936801
59	1069.1388	1834.6113	6404.137	18.652222	1718.2	590000	1370.1372	756.6249	2089.3132	324.3925	2170.6667	22.175549	18.465345	-57.972836	-0.009197056	0.013105998	9700.294630765915	1208.426534391864
60	828.25006	1426.1183	4646.603	14.608369	1210.4445	600000	3449.8337	3967.52	9057.722	486.13885	4229.6665	16.877731	14.102792	-55.27551	-0.019765291	0.011673858	9903.9087433815	1210.4777351856233
61	1605.5636	1082.5968	2688.1604	522.96686	2153.5	610000	1206.3286	1524.4559	3358.6362	22.343285	1649.6666	18.165504	14.521369	-53.879436	0.008864439	0.011048	10004.607454061508	1200.0061945407117
62	2554.7944	3251.658	8052.4565	133.36719	3407.25	620000	522.239	315.1848	811.10925	83.81804	945.6667	17.0029	13.582244	-53.19793	0.0012246143	0.01120755	10203.89204788208	1201.4259990738285
63	2807.1575	2917.8464	6833.673	12.156675	3841.0	630000	827.1692	522.1936	1290.9335	97.57101	1184.6666	17.175232	14.007973	-52.69089	-0.021993626	0.01114531	10383.225583076477	1200.3887776157842
64	1535.1263	2495.6707	5856.9414	26.480885	2049.25	640000	2755.5342	3801.176	8131.2085	65.654915	3486.0	17.029892	13.970452	-52.42385	-0.012993764	0.0104493145	10552.512422084808	1198.1498478159308
65	1975.9689	1879.7534	4150.8613	102.313995	2792.75	650000	2416.5825	1550.4984	3567.869	224.7795	3082.3333	19.080746	14.832989	-52.898895	0.02706095	0.010376144	10742.892058610916	1198.2456525848463
66	1475.1038	1551.7006	3654.982	90.64351	2262.2	660000	168.63866	92.447	295.9931	79.36247	496.66666	20.998266	15.826982	-53.449684	-0.02439864	0.010781818	10909.933869838715	1195.6846714627864
67	8436.893	0.0	8436.893	8436.893	10000.0	670000	2699.4329	3646.6057	7855.2324	22.050552	3622.3333	21.51198	16.560413	-54.443676	-0.01097743	0.0098611545	11097.25495147705	1195.301341685727
68	936.4552	1654.2728	4241.942	11.302026	1564.6	680000	1364.9514	1235.5265	3041.9492	101.5438	1977.3334	23.548094	17.492075	-54.49107	0.013876949	0.009777991	11241.617370605469	1190.2888979631311
69	2149.1719	1013.6879	3454.804	983.67816	3200.3333	690000	2786.957	3469.096	7685.8237	107.80762	3701.3333	23.128942	16.887672	-54.326397	-0.026817707	0.00960966	11427.774777412415	1189.7031228632165
70	661.98505	727.3977	2288.3203	7.428813	1175.375	700000	981.1963	975.8012	2343.6807	110.19319	1507.0	23.127558	16.350208	-54.217216	-0.015825184	0.009002928	11578.150082588196	1185.3820321429343
71	772.43866	977.56287	2464.5896	152.51727	1262.0	710000	240.67574	161.82858	453.28195	61.01268	532.3333	24.012716	16.408148	-52.407303	0.009677994	0.009231913	11678.112359285355	1176.0352586447354
72	4278.4023	4278.1035	8556.506	0.29893902	5000.5	720000	2893.0615	3586.5867	7957.985	125.39644	3969.0	24.706617	16.732119	-52.659122	0.017457457	0.009330617	11869.845413923264	1175.9939436451155
73	4672.725	3178.5076	7851.2324	1494.2175	6421.5	730000	393.20102	301.37607	804.3309	90.31967	695.6667	23.161848	15.754845	-53.542976	0.009392441	0.00969938	12063.177837133408	1176.0221314947353
74	1332.3524	2471.2217	7799.784	0.34711945	1893.0	740000	2430.1094	2242.6003	5584.565	568.3771	3340.6667	24.061964	15.601787	-54.506207	-0.01448599	0.009499233	12305.465619325638	1180.6595390600128
75	869.4754	309.77097	1307.4473	641.97003	1425.0	750000	874.65436	510.32123	1253.6102	153.25917	1414.3334	23.12143	14.697575	-53.746216	-0.046484534	0.00895203	12405.090713739395	1171.5919006294675
76	2380.2285	3539.8699	8486.811	27.881594	3054.5	760000	2661.227	2053.0117	5184.8306	156.10127	3122.6667	21.09135	13.613362	-52.827354	0.011996001	0.008902949	12610.785966873169	1172.581852949293
77	8809.241	0.0	8809.241	8809.241	10000.0	770000	3716.591	3804.4663	8954.942	34.070675	4307.3335	17.800997	11.343743	-51.588837	-0.03458009	0.0082689915	12808.037748336792	1172.6839755939197
78	2369.981	3904.1028	9128.366	9.053636	2735.0	780000	2718.399	3585.2693	7788.69	164.65303	3321.6667	15.102464	9.763246	-50.453575	-0.00049819634	0.007846612	12996.666018724442	1171.921593910099
79	4068.8416	3810.946	7879.7876	257.89563	5050.0	790000	5695.2935	3210.4902	8114.092	1158.2928	7283.3335	13.889392	9.000487	-50.377434	0.0019126008	0.007968205	13221.102376937866	1174.2793460526043
80	1031.3835	2061.5923	6473.734	64.17061	1510.0	800000	450.39038	218.66357	668.7614	151.58365	882.3333	13.005209	8.704858	-50.52482	-0.02321526	0.0077585517	13402.76773571968	1172.7421767920255
81	1298.8179	668.5685	2071.1047	446.19147	2105.2	810000	4718.526	3352.476	8074.5024	140.24295	6244.6665	11.804023	8.308761	-48.93325	-0.014730118	0.0074657016	13620.810591459274	1174.3044521444128
82	8556.11	0.0	8556.11	8556.11	10000.0	820000	83.40647	43.542667	143.5824	42.00084	233.33333	11.183799	7.9333224	-48.596783	-0.0105605945	0.0072265905	13769.481828689575	1169.846220303648
83	884.6779	1014.4423	2305.154	0.29718232	1409.6666	830000	2541.644	3433.5176	7396.978	60.46608	3022.6667	11.184464	8.1027	-48.46241	-0.0033917069	0.0067071244	13886.490095376968	1162.7844115010228
84	7688.189	0.0	7688.189	7688.189	10000.0	840000	1677.578	1069.3817	3047.1265	437.2691	2633.3333	13.04446	9.827548	-49.6691	0.070379995	0.0071794083	14059.488286733627	1160.4656997786628
85	6613.4097	0.0	6613.4097	6613.4097	10000.0	850000	198.03015	57.541332	278.93445	150.00307	603.3333	15.880206	11.577327	-50.478363	-0.020167084	0.0076408265	14211.566953897476	1156.4314285044577
86	7574.0947	0.0	7574.0947	7574.0947	10000.0	860000	4178.517	3407.8792	8424.572	80.97135	5481.6665	14.416908	10.647287	-50.83645	-0.008323886	0.0073643234	14416.987144947052	1156.7117592082468
87	2472.0222	3297.711	7133.7856	25.74383	3544.3333	870000	4231.734	2984.5034	7497.615	283.32263	5686.6665	13.857869	10.305681	-50.178722	-0.007992852	0.0075854957	14629.431593179703	1157.4626911279342
88	4462.575	3122.719	7585.294	1339.8561	6067.5	880000	5078.6704	3495.041	7627.0527	136.74533	6800.0	11.213084	7.966249	-49.288086	-0.019859094	0.006904389	14876.773795366287	1160.8391672726834
89	7350.8584	0.0	7350.8584	7350.8584	10000.0	890000	574.2581	414.3874	1151.6672	198.81015	1094.0	9.945567	6.6352086	-48.465786	-0.029689841	0.006471289	15035.17637348175	1157.2017769683614
90	2672.9827	2459.0066	5131.9893	213.97617	4225.0	900000	48.571323	38.85657	95.51345	0.36007047	203.33333	9.961099	7.001696	-48.44757	-0.017314596	0.0061150338	15168.200751543045	1151.6596866369248
91	1998.5221	1839.963	3838.485	158.55905	3320.0	910000	3508.1133	3536.8115	8425.832	258.31467	4361.6665	10.480246	7.7034855	-48.232067	0.0071062306	0.0059276368	15326.181570768356	1148.060121255349
92	2846.4531	2955.3765	7801.3506	51.83431	3864.0	920000	2274.9385	1268.3837	3721.9546	633.3869	2955.6667	10.659898	7.8265195	-48.502766	0.0051084617	0.005809676	15567.847044229507	1150.6669553725617
93	1668.825	2305.7773	5638.13	92.62516	2507.5	930000	269.0013	56.470947	345.63318	211.21439	714.0	11.484041	8.31549	-47.538498	-0.0036285631	0.006111761	15723.917578458786	1146.8878949900682
94	5189.771	3297.4783	8487.249	1892.2926	6224.5	940000	2559.8552	2517.1328	5988.675	16.99272	3318.0	12.796898	9.247395	-47.60974	0.029375385	0.0062512937	15931.436534166336	1146.8374525681456
95	844.84033	900.1935	2556.8193	213.49222	1690.8	950000	2918.8533	2727.2744	6704.2563	385.7766	4530.6665	14.879938	10.686341	-48.364513	-0.0065220767	0.00638606	16111.532819747925	1144.7668055120266
96	6596.4756	0.0	6596.4756	6596.4756	10000.0	960000	3424.346	2651.8184	7173.3354	1466.0725	4721.0	19.427258	13.5235	-49.154	-0.028244248	0.0060910345	16308.610226869583	1143.8678005844354
97	7577.234	0.0	7577.234	7577.234	10000.0	970000	3476.3975	3904.7998	8945.342	79.21982	4183.0	19.768837	13.930158	-48.501278	-0.02789458	0.005384362	16503.067068576813	1142.7381491842139
98	2958.2188	4106.979	8766.029	0.3453758	3438.6667	980000	252.57857	166.45685	372.44794	17.186413	602.3333	16.913342	12.457052	-47.772797	-0.021809502	0.005315802	16660.36886191368	1139.025218045225
99	2492.9111	2242.5293	4735.4404	250.38173	3400.5	990000	2664.8909	3734.8237	7946.7256	18.54748	3390.3333	17.784235	12.361689	-47.822056	-0.0792864	0.004519993	16813.729283571243	1135.068256284452
100	1619.0718	1985.4056	5444.372	97.03046	2279.4	1000000	166.40503	108.81632	276.20627	18.127476	356.0	22.454834	15.508293	-48.514698	0.039068706	0.0047854558	16978.85674595833	1131.9237830003103
101	2226.507	0.0	2226.507	2226.507	3240.0	1010000	2128.0994	370.23282	2650.988	1843.2249	2944.6667	24.068151	16.437569	-48.522472	0.10919723	0.0051071146	17084.99754858017	1124.9033038783782
102	3575.8135	3206.6836	8055.1504	723.0524	4553.6665	1020000	3071.119	4159.902	8953.705	70.12138	3544.6667	22.620066	16.506805	-48.505848	0.0043217824	0.0052568736	17312.789148569107	1125.897072018128
103	6798.7896	0.0	6798.7896	6798.7896	8322.0	1030000	6250.5063	3922.2812	9128.902	704.90375	7205.6665	23.528559	17.270138	-49.31279	0.0464936	0.005758123	17515.640287399292	1125.195662429379
104	4836.648	3921.1147	8757.763	915.5335	5626.5	1040000	2475.3784	3406.4692	7292.7915	45.504707	3468.3333	25.79566	18.593002	-51.32022	0.0205307	0.006556536	17718.8989713192	1124.4685884888356
105	2368.3535	3330.3977	8120.2285	49.73616	3020.5	1050000	158.23647	174.85902	405.45905	29.699486	353.66666	35.690334	24.968294	-53.338043	0.012883859	0.00658307	17893.948133707047	1121.9221448164137
106	1557.8043	2770.7666	8198.623	0.29913515	2082.2856	1060000	1780.6471	2125.485	4771.479	24.992777	2443.6667	58.59167	40.37845	-55.936676	0.035561442	0.0070298403	18118.202503442764	1122.4169474517028
107	5723.8604	0.0	5723.8604	5723.8604	7326.0	1070000	2827.7197	2425.4692	5954.4277	42.83997	4523.0	76.015656	49.724525	-58.7294	-0.0002976193	0.0072051436	18281.227890729904	1119.0845110096666
108	1641.9164	2023.3469	4498.525	69.59678	3082.0	1080000	2773.8418	2962.4915	6937.3926	288.1293	3862.0	107.23029	71.922844	-61.368248	0.12866308	0.008342196	18459.3922226429	1116.679282532209
109	1317.551	2523.8806	7454.122	20.15971	1902.8572	1090000	1055.1703	1417.8387	3060.1626	32.558975	1493.6666	113.293236	73.78202	-63.30721	0.016322155	0.010034408	18658.20437645912	1115.4981515019313
110	2078.3135	3581.8809	8282.301	0.29910618	2527.0	1100000	1651.4283	2261.1826	4848.6484	0.29926914	2392.3333	199.98912	123.10244	-67.26161	-0.031095171	0.011185315	18836.750873804092	1113.080733409795
111	812.5577	842.2061	2334.0981	32.608673	1397.2	1110000	1369.6992	823.8014	2387.6929	370.05005	2276.6667	322.94232	200.9097	-70.702774	0.0186338	0.011174842	18974.655113697052	1108.27940523381
112	2685.5637	0.0	2685.5637	2685.5637	5685.0	1120000	6401.5063	3530.7312	8960.151	1408.8164	7478.3335	425.27283	273.0433	-71.81665	0.057571262	0.012141745	19154.964681863785	1105.9711750425045
113	2116.7903	3072.1953	8645.672	0.29881334	2790.3333	1130000	144.63408	101.63218	288.32138	69.77085	394.0	557.0679	357.24536	-79.58791	0.0011222693	0.010809439	19383.321759939194	1106.3931446364497
114	772.4105	614.15485	1598.5968	0.29817185	1458.4	1140000	2291.6492	2552.2175	5871.646	103.60519	3626.3333	853.78094	563.1485	-93.01431	0.056281634	0.013279696	19542.01841902733	1102.809811298889
115	1992.2911	2822.0122	6877.425	238.68494	3289.5	1150000	309.8871	102.89236	415.40625	170.35461	745.3333	1100.3356	749.0551	-101.10273	0.08472404	0.016080514	19733.760496854782	1101.0866363521936
116	421.04004	416.7988	1468.3558	28.539547	946.2	1160000	144.55827	191.49004	415.16864	0.29910165	263.33334	1303.6537	951.85614	-111.05345	0.05920245	0.01934792	19880.12130022049	1096.8342785933924
117	325.23346	265.1147	782.5259	0.2989139	745.3571	1170000	57.943283	14.964492	76.10705	39.455963	231.66667	2782.4844	1952.0494	-142.2757	0.17704172	0.026597617	20036.78746342659	1093.1751564023502
118	410.04688	613.7543	2167.3545	15.816288	921.5455	1180000	601.0118	158.23941	808.31415	424.36148	1071.0	7163.9907	5422.58	-211.90382	0.102832116	0.0485021	20197.84088563919	1089.7705110098682
119	218.6358	172.82478	664.32874	8.907494	527.3333	1190000	72.882225	22.925909	99.98188	43.918037	186.33333	18276.576	14415.356	-343.61832	0.13559043	0.07498381	20343.881096839905	1085.576848381207
120	782.59393	1261.3645	3588.5093	121.66125	1737.0	1200000	688.9136	842.1073	1879.3428	64.10427	1355.3334	43720.945	36116.137	-552.6654	0.019562725	0.1021397	20514.702816724777	1082.720426375336
121	323.57712	330.91724	1329.1694	34.77341	771.61536	1210000	150.70375	170.30843	390.3758	10.241952	238.66667	91832.16	78881.22	-886.25134	0.037067566	0.11492064	20666.798824310303	1078.8866052413446
122	322.833	186.76938	720.7517	138.62003	738.38464	1220000	183.76921	226.6362	504.27103	21.309278	560.3333	160079.45	139915.67	-1278.0778	0.050703872	0.15261725	20818.446468114853	1075.0509240992733
123	509.4239	340.9147	850.3386	168.50919	1355.5	1230000	1878.2031	2308.7837	5141.677	156.86618	2355.3333	220356.89	196239.66	-1491.852	-0.009746199	0.18890181	20905.901602506638	1067.9573040481505
124	687.0464	2040.1459	8834.161	8.3803625	1041.7059	1240000	250.0285	130.1799	349.65747	66.14033	567.6667	283411.3	255542.36	-1782.804	0.01710242	0.2079447	21150.08207798004	1068.875115696589
125	304.55676	244.85655	802.4468	24.781004	738.0769	1250000	507.69333	324.86508	945.8043	168.84616	1062.6666	282173.8	256752.2	-1950.441	0.01587974	0.25493604	21307.341170549393	1065.367058491707
126	484.3065	294.217	1172.8551	48.01324	1048.5	1260000	505.64865	300.9573	874.7634	137.57379	1104.3334	267439.22	246244.06	-1815.3495	0.0024584872	0.25554448	21475.895564556122	1062.4318704745126
127	515.02625	757.948	2700.4626	8.085879	968.6	1270000	2239.6199	2569.5544	5855.537	118.978035	2971.3333	285807.97	265313.94	-1606.3533	0.010056139	0.28468078	21655.937282562256	1060.0609718979185
128	1785.5735	2447.6992	6011.94	184.35103	2504.75	1280000	1150.6945	1424.4213	3164.9	117.21233	1679.3334	355655.7	333237.62	-1518.4196	0.01758096	0.3211713	21821.71421766281	1056.9892823603004
129	552.0384	774.89417	2404.117	41.263874	1065.7142	1290000	719.54315	719.47614	1731.74	123.65674	1283.0	510073.75	479678.03	-1639.0504	0.00087415054	0.35157084	21953.603591442108	1052.2980532277463
130	907.7936	1402.7609	4542.59	90.11472	1504.625	1300000	710.3161	688.1425	1683.4752	218.14275	1125.6666	593913.1	559810.2	-1812.791	0.012678568	0.35641205	22138.763564825058	1050.1721177620766
131	321.4575	276.5642	903.40485	30.947474	764.46155	1310000	208.3661	181.1828	458.88095	36.498104	498.66666	774637.0	736414.25	-2021.7825	-0.007832338	0.39299527	22294.54247236252	1046.6521847264457
132	205.01445	150.37845	538.48535	13.379202	543.875	1320000	266.106	83.8878	365.53128	160.34244	622.3333	991376.5	941430.94	-2040.14	0.008591876	0.37578583	22433.709075689316	1042.3743610483227
133	278.67432	542.52435	2614.1975	13.534371	607.05	1330000	434.5848	309.35318	697.72595	0.3318442	826.0	1072945.4	1020832.94	-2203.1863	0.003127569	0.43600476	22615.213756799698	1040.0731138340213
134	306.5553	190.13037	643.5102	40.995594	769.8182	1340000	677.5232	337.5226	1153.8251	412.26758	1173.3334	1614816.5	1540240.9	-2657.5088	0.007812636	0.47758257	22754.852776765823	1035.855238291043
135	303.95288	382.4765	1391.9932	30.398933	612.1053	1350000	271.2892	211.06677	562.4031	68.606865	617.3333	1891247.9	1803106.8	-2843.9304	-0.0011935529	0.46369296	22927.524517774582	1033.1538825481027
136	319.75348	294.79596	1217.5974	36.318546	747.61536	1360000	185.38092	186.79013	447.15887	23.831604	562.0	2678375.2	2569058.5	-3059.4172	0.009817675	0.52604663	23080.899827241898	1029.5891589071236
137	340.89633	345.4583	1430.1659	14.761072	735.0	1370000	401.7482	319.09253	851.2561	142.54056	867.0	3014368.2	2898199.5	-3256.1895	-0.00069086836	0.54168886	23235.7736389637	1026.105332178965
138	428.3344	378.31677	1119.173	29.837437	972.7	1380000	1729.3317	503.88553	2274.557	1059.3552	2549.0	2994489.2	2858480.8	-3209.922	0.0041379747	0.56579924	23414.543254375458	1023.6793064901794
139	458.71854	311.12878	1117.6027	119.47025	970.3333	1390000	144.84799	95.827034	260.09543	25.476788	531.6667	3862845.0	3699545.8	-3325.201	-0.0031710258	0.5755915	23551.199390649796	1019.4224196259352
140	3726.6892	0.0	3726.6892	3726.6892	8324.0	1400000	937.3719	903.1415	2173.5393	41.053627	1573.3334	4476263.5	4282450.5	-3716.1057	0.0022003464	0.60936207	23693.89251446724	1015.4525362934385
141	825.2417	797.99054	2697.9011	81.526566	1579.25	1410000	381.7128	345.7456	842.45496	9.575894	826.3333	5134262.5	4935433.5	-4211.711	0.00044821863	0.624571	23886.090339183807	1013.6059611613024
142	560.67706	448.89993	1399.9176	94.489296	1354.0	1420000	1425.3213	1684.6996	3807.085	182.27986	2813.6667	6205277.5	5968905.0	-4770.34	0.0057542096	0.68997115	24055.18322634697	1010.7694359965727
143	2558.7507	1908.5901	4467.341	650.1607	4353.0	1430000	256.73013	49.34133	298.05087	187.3738	758.6667	7552544.0	7268604.0	-5589.468	0.0016343725	0.7186244	24201.162772893906	1006.9714579933174
144	1019.0264	1238.8119	3030.0947	10.763609	1950.0	1440000	3959.168	1821.3192	5839.039	1494.3164	6621.6665	9702500.0	9360921.0	-6267.631	0.0022606542	0.83955663	24437.168336868286	1006.9018434705557
145	2499.4958	2169.018	4668.5137	330.4778	4323.5	1450000	60.14697	56.06984	138.20253	9.026309	212.66667	12945744.0	12601188.0	-7339.413	0.00034204737	0.99622035	24572.098450422287	1002.6545919036042
146	409.1643	363.11618	1400.0712	52.44412	955.9167	1460000	190.2185	44.21791	243.10175	134.87433	633.6667	16783774.0	16379509.0	-8703.561	-0.0006551952	1.1416633	24742.706928014755	999.8765128058931
147	367.53778	397.77097	1421.2706	59.799168	1003.3	1470000	349.00278	199.2169	602.97876	116.40602	910.3333	17565362.0	17137052.0	-10021.873	-0.0040972927	1.3089931	24900.89929509163	996.6006180175577
148	209.0183	179.96391	700.65906	15.43889	516.6667	1480000	655.31915	628.5362	1520.8951	47.402126	1243.3334	20679092.0	20222636.0	-10923.233	-0.0026250184	1.5545567	25018.781586647034	991.7354862797367
149	1243.5261	1657.4009	4843.972	63.404232	2267.8333	1490000	264.24484	314.97058	706.95734	0.29814497	510.0	27084136.0	26500442.0	-11883.271	0.0012821456	1.5103468	25212.573590278625	989.8896342117514
150	454.9201	336.17587	1014.6001	55.496914	1031.7	1500000	608.6629	656.01526	1534.6514	96.24235	1010.3333	29870098.0	29360182.0	-13340.083	-0.0047069266	1.6148635	25375.10167169571	986.8095094084741
151	257.7946	278.75128	1062.4664	57.56829	630.6667	1510000	171.52074	30.005476	213.01608	143.08575	538.0	37087820.0	36517548.0	-14479.908	-0.0037106194	1.7627457	25525.03453207016	983.2491226666283
152	309.50766	186.27104	649.23083	17.150517	774.38464	1520000	156.66908	67.479996	219.49034	63.04559	484.0	48806544.0	47932960.0	-16073.87	-0.0071899854	2.001715	25677.5723593235	979.8021031483223
153	216.22182	174.49957	783.7182	50.887184	655.26666	1530000	334.7012	77.38632	411.28827	228.70406	635.3333	52787972.0	51858650.0	-17547.092	-0.012236486	2.473293	25832.541471004486	976.4588115495535
154	217.3961	192.2136	826.03033	32.97497	543.6842	1540000	110.131165	94.492165	242.68239	29.165909	323.66666	62747388.0	61768804.0	-19086.398	0.0030711405	2.5577497	25990.169147968292	973.224948569758
155	235.30008	138.75223	578.05804	14.121287	663.9375	1550000	210.19719	122.61415	383.5633	120.4337	575.6667	71841350.0	70933600.0	-20897.16	-0.011997964	2.8850641	26153.434260845184	970.2080451338522
156	403.6963	292.36368	1046.8083	88.72398	996.8	1560000	475.53305	233.68999	781.68396	214.66043	946.3333	96392480.0	95281480.0	-23110.945	-0.009530022	3.2750294	26309.542437791824	966.9319015248209
157	221.54265	162.45604	567.74115	0.29878283	535.1667	1570000	203.07942	58.773266	245.8309	119.973	572.0	104622660.0	103478440.0	-25208.303	-0.012848448	3.5488434	26460.44029569626	963.4746306809903
158	225.386	131.12071	550.25793	10.28283	551.7368	1580000	201.49852	236.40176	535.4212	20.379902	454.66666	129091750.0	128688670.0	-27482.56	-0.0031627468	3.9812121	26623.593665599823	960.4714170157155
159	264.60034	160.05362	595.414	23.476236	601.8125	1590000	353.4501	232.19133	681.56726	178.27478	714.3333	141422220.0	140233460.0	-28632.945	0.004760997	3.8057885	26769.696964740753	956.862333820901
160	278.6224	146.4304	557.3381	21.078403	664.93335	1600000	489.90808	182.73642	643.7439	233.15746	1050.3334	146768140.0	145811300.0	-29298.596	-0.023165433	4.318034	26934.1435174942	953.917582877477
161	315.7414	183.34842	774.13116	86.67159	692.5333	1610000	206.11688	44.4446	247.0739	144.34824	575.0	162962270.0	162022450.0	-31297.814	-0.0031190387	4.8833666	27095.19401025772	950.8561872746634
162	348.59732	254.20323	790.68445	28.240768	795.4167	1620000	92.12512	51.9726	165.57666	53.079815	326.66666	172714130.0	171701900.0	-33575.348	0.0037737263	5.004927	27241.23670911789	947.2775727570302
163	189.50755	117.138374	409.4089	21.477533	526.1579	1630000	415.36548	172.25298	609.2166	190.67865	927.3333	179679140.0	179052460.0	-34140.777	4.6936002e-05	4.743792	27401.392494916916	944.199311900334
164	345.1121	358.70428	1472.7249	13.077209	766.2308	1640000	163.93275	106.75077	263.8799	15.971869	359.66666	213489570.0	213724940.0	-35585.984	-0.012332741	4.875295	27555.06011199951	940.9044915966872
165	272.3343	221.0116	983.41425	14.81295	690.93335	1650000	529.59937	404.16605	1092.154	160.71815	974.3333	210038320.0	210692530.0	-37578.453	-0.014982886	5.7646155	27718.350863218307	937.9441958523761
166	332.45248	303.83643	919.29175	22.21084	720.6923	1660000	493.50845	431.96063	1076.0244	42.90392	1093.6666	243027330.0	243475820.0	-41314.652	-0.0026760246	6.0815964	27875.60174226761	934.7842349883542
167	673.8524	580.0913	1746.277	239.108	1488.4286	1670000	374.29214	57.289852	427.68884	294.82275	795.3333	287492500.0	288510620.0	-46828.97	-0.013592325	6.4866805	28034.58483839035	931.6882984817385
168	254.71245	177.61269	597.8266	79.401	684.5	1680000	467.57742	181.56937	646.1763	218.50319	986.3333	315102400.0	315683070.0	-49191.457	-0.018918402	6.846828	28126.84277033806	926.399980094887
169	779.99384	971.1435	3340.9658	149.15965	1633.4445	1690000	469.13248	343.11365	902.3969	63.286358	897.6667	346467600.0	347247140.0	-52957.465	-0.0059977276	7.5766735	28341.99952173233	925.167834455398
170	373.84012	247.99915	908.9669	36.122513	839.1818	1700000	803.3239	550.5623	1581.3043	387.16464	1505.3334	361205100.0	361612260.0	-56829.53	-0.010584859	7.947298	28501.527458667755	922.1082412866986
171	651.225	513.866	1733.4098	108.26024	1216.9	1710000	81.622665	73.832	179.00754	0.31294796	260.33334	352101540.0	351643230.0	-55963.562	0.015670115	7.7029996	28679.688511371613	919.6508304099358
172	365.4679	301.3993	1172.7472	19.033363	781.8461	1720000	306.60806	305.17404	731.3483	27.95388	623.3333	338689540.0	336974240.0	-52570.34	0.012226321	6.8525143	28836.183641672134	916.4988598912261
173	328.75516	215.71928	761.1201	17.694191	758.61536	1730000	602.9011	387.87152	1150.248	298.00266	968.6667	305013730.0	302532000.0	-50116.84	-0.010323754	6.737875	28995.556101322174	913.4438193543797
174	219.32764	114.076385	396.23428	30.836058	522.2105	1740000	638.6797	491.46185	1328.7645	221.94817	1152.3334	271965250.0	270910530.0	-46822.785	0.0067258547	7.060907	29154.90829396248	910.3927302148606
175	406.22287	601.8964	2191.5635	46.122944	767.2	1750000	613.8953	551.426	1386.7291	137.19014	1160.6666	174135710.0	174546200.0	-35941.28	0.015769908	6.6720543	29292.889905929565	906.6846875202087
176	641.68774	1503.1761	5128.9507	10.507836	1219.0	1760000	290.5262	236.88264	595.7148	18.286434	666.0	135455980.0	136163100.0	-27336.584	-0.006633907	6.1924977	29472.90535092354	904.2823232230816
177	290.38608	245.6734	892.1167	0.29896075	775.0	1770000	1230.7859	1329.4045	3110.672	268.58713	1819.6666	126322936.0	127225060.0	-22279.719	0.008595809	6.3462796	29644.502841472626	901.6171767806603
178	224.75171	174.89668	846.5472	25.653156	546.3333	1780000	418.1964	334.18448	837.19824	19.36246	880.0	133326980.0	134126660.0	-21002.984	-0.011766987	6.455528	29800.606725931168	898.4827121129197
179	1027.2542	1177.9502	3329.9216	89.52319	2054.8	1790000	405.05444	53.964046	475.32092	344.13083	999.6667	158194200.0	158918460.0	-21694.729	0.0012823436	6.5022902	29964.36469101906	895.5829669864485
180	287.54697	228.26082	938.4445	11.9745865	756.7692	1800000	357.3976	130.79115	463.99295	173.18944	945.0	174429660.0	174787420.0	-22024.31	-0.0041468	6.9908986	30095.162894010544	891.7085301717123
181	360.63712	226.55367	847.1644	30.248266	846.3333	1810000	258.05612	100.10823	360.28357	122.121124	654.3333	155190850.0	154279280.0	-20616.135	0.00084929296	7.114153	30222.63005256653	887.7549711293279
182	218.90561	166.91301	597.6176	0.29798913	554.7222	1820000	206.57521	26.572517	242.4329	178.90895	589.3333	136523220.0	134833460.0	-19992.354	-0.002034492	7.008821	30354.87778186798	883.960726587065
183	420.3669	337.9059	1156.5052	62.026474	907.1818	1830000	400.99194	125.28047	548.00696	241.85304	779.6667	107505440.0	106608560.0	-16984.66	0.013725253	6.69193	30490.252839803696	880.2741484371473
184	375.45114	347.0343	1348.7108	7.6840982	908.9091	1840000	422.5308	192.19646	671.3004	203.30678	857.0	130310750.0	128554540.0	-16190.988	-0.016883962	6.5891256	30619.71593594551	876.4338981392591
185	278.76224	260.68872	1123.9808	36.379265	640.73334	1850000	621.54254	247.12894	855.78644	279.79553	1343.0	112771270.0	111800264.0	-17460.113	0.007839726	7.0643387	30754.39256668091	872.7597890273944
186	558.12103	519.7434	1376.9735	140.51004	1257.1428	1860000	107.35793	78.4894	214.49225	28.640068	413.33334	118066264.0	117331610.0	-18237.258	-0.0016797464	6.7462077	30871.23363351822	868.5992258691874
187	747.274	386.98987	1077.3324	122.573555	1450.75	1870000	937.3089	976.5769	2318.341	236.01205	1936.3334	87005250.0	86345860.0	-18835.652	-0.0013339053	7.020913	30973.850406885147	864.0655238018317
188	424.83383	732.024	2965.9792	6.702682	1101.2858	1880000	271.39722	23.651388	304.36606	250.02666	532.3333	119849970.0	119599710.0	-20092.68	-0.01091123	7.3596463	31149.887954473495	861.5926455096995
189	306.45676	284.41022	1054.1127	35.882454	731.7692	1890000	90.6816	43.50922	150.38994	47.9525	338.0	126723064.0	126550390.0	-22652.92	0.0036506176	7.196825	31280.20638346672	857.8610392382326
190	217.92534	263.81555	1024.0437	10.392027	545.85	1900000	306.29758	210.50476	563.33984	47.717434	800.6667	153043920.0	153178910.0	-25029.887	-0.022634884	7.777699	31419.08562350273	854.3786441284313
191	293.1182	210.64293	869.5453	63.050762	781.2308	1910000	557.7629	135.26036	747.3658	441.02737	1148.0	195801810.0	195782820.0	-31015.373	-0.020202456	9.638464	31553.66708922386	850.7925942584482
192	324.76096	271.02237	1116.0836	61.789406	755.38464	1920000	603.61664	269.4395	929.1137	269.30115	1200.3334	197370400.0	196230000.0	-33941.645	-0.0008652312	9.700118	31687.046723604202	847.1884019661281
193	207.04166	145.01994	620.905	16.304697	553.2222	1930000	199.26068	11.0889845	214.79457	189.63039	510.0	200839090.0	198980690.0	-35085.02	-0.0069887177	10.29424	31819.540697336197	843.5750426478953
194	227.19289	115.75435	509.40305	97.80389	540.7778	1940000	307.06845	290.50452	715.19904	62.24309	787.3333	214039900.0	211750270.0	-36360.1	0.0060406355	10.094102	31950.27769780159	839.9299806903317
195	195.487	154.12796	718.3057	36.221123	496.57144	1950000	195.36021	109.45594	335.41885	68.24686	521.0	274763680.0	268218260.0	-38184.07	-0.00086006423	10.046245	32081.6792075634	836.3172784629031
196	183.76349	105.67364	545.2278	59.72017	538.7778	1960000	295.5371	128.68463	435.96655	125.07628	721.6667	272638180.0	265002770.0	-37942.824	0.0052445135	9.536708	32211.957063913345	832.690046525488
197	288.67297	192.37303	752.6267	37.9942	661.26666	1970000	357.53085	312.3352	798.24084	111.46653	827.0	261058050.0	255877440.0	-37300.715	0.027125543	9.2723055	32349.881764888763	829.2736188155745
198	320.013	288.42978	1191.5916	24.099531	689.06665	1980000	843.7497	735.7051	1829.7505	63.095478	1393.3334	312055600.0	304841500.0	-36905.797	0.003458542	8.895453	32486.41145348549	825.8330184000511
199	581.6876	344.3127	1179.1558	176.2798	1240.875	1990000	413.33133	111.75933	564.5654	297.94733	843.3333	277107460.0	269741100.0	-36323.87	-0.025419237	8.952645	32622.93209052086	822.403899410362
200	266.49744	94.38243	525.17236	177.5329	683.9231	2000000	162.65337	120.6567	289.30344	0.2986433	522.0	284467740.0	278241920.0	-35921.92	0.004872708	9.868004	32738.141353845596	818.453533822298
201	275.43332	164.54108	617.59576	58.69375	776.0	2010000	442.41165	79.76681	539.81824	344.43277	855.6667	294019840.0	287059000.0	-36004.113	-0.0051381574	9.8917055	32880.28235244751	815.1910798528498
202	309.7371	155.65363	683.9117	111.17383	784.7692	2020000	56.908413	34.435722	104.50268	24.177187	216.0	254848480.0	249583780.0	-35970.34	0.0011087345	10.037413	33013.464086294174	811.7171862625839
203	217.51886	206.85323	991.8725	25.600008	587.8823	2030000	117.180275	62.92601	173.94728	29.444817	303.0	229089980.0	224794700.0	-33967.53	0.012272511	9.50591	33138.9164648056	808.0671748574731
204	242.78716	168.09552	624.0595	16.886044	638.4667	2040000	69.09457	18.909576	90.01223	44.206715	264.33334	237160690.0	233040960.0	-32458.16	0.005466936	8.878131	33258.397228717804	804.2880375341651
205	215.07341	231.55447	1156.9021	17.157484	532.55	2050000	357.21338	220.28206	668.41235	189.25768	722.0	239420500.0	234916960.0	-31767.967	0.0066091786	8.7369175	33393.82689642906	800.9088564304802
206	572.3868	249.1379	901.3669	161.25047	1207.625	2060000	172.87701	223.99742	489.65646	13.896712	438.66666	283839170.0	279964900.0	-32294.422	-0.004736637	8.7931385	33524.487013339996	797.4271182557911
207	193.73712	142.79274	607.7658	29.954815	462.81818	2070000	128.59602	68.70273	188.05202	32.318535	355.0	265420080.0	261355040.0	-32516.604	0.0049325186	8.86021	33653.382091760635	793.9163407895684
208	192.5959	91.45729	377.11618	84.206566	552.2353	2080000	124.96732	47.06517	175.86363	62.37257	290.66666	300825540.0	295261900.0	-33822.902	-0.019125657	9.136964	33774.28340220451	790.2316308625998
209	245.0472	133.32072	506.49554	75.60664	609.8823	2090000	266.07635	136.1941	441.07605	108.90167	739.3333	322091900.0	315292860.0	-35495.734	0.008272016	9.29392	33914.177498579025	787.0036404951337
210	199.1864	121.33024	617.9073	84.18771	519.2353	2100000	225.521	80.3664	325.58972	128.81946	564.6667	306514370.0	302257860.0	-35926.56	0.0048638848	8.931511	34033.60163784027	783.3130535528774
211	209.41129	234.30537	1033.4299	13.201081	518.8182	2110000	426.9352	379.85843	942.36084	38.10813	883.6667	287898750.0	284022980.0	-35940.207	-0.00526225	9.183714	34182.676411390305	780.3154409540584
212	196.29825	102.006676	405.15442	8.454918	491.8	2120000	109.05782	72.079315	180.12929	10.238789	314.66666	319961900.0	315197730.0	-39451.258	-0.0114220185	9.78591	34309.71737027168	776.8237894885946
213	191.1176	91.583916	451.82913	35.984287	478.4762	2130000	178.94743	93.58717	310.22604	98.73818	536.0	353699620.0	346618140.0	-42371.11	-0.008882253	10.219641	34439.84818434715	773.4144310301646
214	183.5126	142.3038	648.8723	9.717487	450.5	2140000	208.17316	63.730896	290.09842	134.67395	520.6667	449752450.0	438434370.0	-45493.855	-0.0021964724	10.903646	34570.28296780586	770.0234368059123
215	150.3957	71.089226	329.0077	53.655983	442.65216	2150000	168.34418	80.81976	282.542	107.13487	513.0	382474460.0	374677440.0	-47120.484	-0.012874223	11.48118	34698.439217567444	766.5934245530949
216	159.29915	78.43103	330.23892	26.763458	464.2857	2160000	258.61914	85.49439	370.58765	163.12253	563.6667	380292480.0	374844930.0	-49596.13	-0.003977564	12.0024	34830.65656208992	763.2643876051461
217	150.793	66.97304	341.02695	17.866096	451.0476	2170000	134.21582	83.14629	197.10524	16.726643	348.33334	426959140.0	420230530.0	-52923.527	-0.008379033	12.05696	34955.60534286499	759.7877351582875
