Epoch	AverageEpRet	StdEpRet	MaxEpRet	MinEpRet	EpLen	TotalEnvInteracts	AverageTestEpRet	StdTestEpRet	MaxTestEpRet	MinTestEpRet	TestEpLen	LossQ	LossPi	Qval	Time	remian_mins
1	-1499.2612	0.0	-1499.2612	-1499.2612	200.0	200	-1504.3405	143.00401	-1351.4375	-1695.425	200.0	9.63523	6.583034	-7.24276	2.4093868732452393	1003.871040737629
2	-1607.3285	0.0	-1607.3285	-1607.3285	200.0	400	-1771.8027	60.565674	-1700.2155	-1848.3241	200.0	1.3823513	13.024463	-13.595911	4.496179819107056	936.6291926503181
3	-1490.9583	0.0	-1490.9583	-1490.9583	200.0	600	-1703.4003	33.57052	-1658.8848	-1739.9496	200.0	0.31369853	19.126585	-19.64704	6.578479528427124	913.5680709560712
4	-972.8336	0.0	-972.8336	-972.8336	200.0	800	-1533.6901	36.392982	-1482.5469	-1564.2561	200.0	0.31870073	24.260239	-24.933033	8.873639345169067	924.1895377993584
5	-1351.2299	0.0	-1351.2299	-1351.2299	200.0	1000	-1483.0529	61.45464	-1404.2827	-1554.2413	200.0	0.17070436	29.610622	-30.414875	11.205602407455444	933.6134405811628
6	-1436.4963	0.0	-1436.4963	-1436.4963	200.0	1200	-1361.3798	80.96005	-1301.9282	-1475.846	200.0	0.10055801	35.09996	-35.816998	13.79979681968689	958.0892269757059
7	-1514.4078	0.0	-1514.4078	-1514.4078	200.0	1400	-1473.796	18.35746	-1448.4305	-1491.2683	200.0	0.078992136	40.980103	-41.639458	16.10229229927063	958.2014081801686
8	-1503.449	0.0	-1503.449	-1503.449	200.0	1600	-1101.6041	96.33061	-981.93225	-1217.817	200.0	0.079336196	46.9304	-47.562138	18.35406470298767	955.6349688688914
9	-1502.9452	0.0	-1502.9452	-1502.9452	200.0	1800	-1093.7577	26.39226	-1064.5383	-1128.4795	200.0	0.08724993	53.022343	-53.66005	20.66061782836914	956.1657410162467
10	-814.5888	0.0	-814.5888	-814.5888	200.0	2000	-502.79514	67.3487	-407.63947	-553.95374	200.0	0.12168066	56.550182	-57.25884	23.20641851425171	966.5473311185837
11	-136.42686	0.0	-136.42686	-136.42686	200.0	2200	-184.00928	70.33959	-131.26851	-283.42276	200.0	0.16070527	57.146626	-57.94044	25.847699642181396	978.6487369067742
12	-417.2814	0.0	-417.2814	-417.2814	200.0	2400	-44.851685	62.66027	-0.31368697	-133.46628	200.0	0.1896811	58.519638	-59.382343	28.26918339729309	981.0977149049442
13	-585.19836	0.0	-585.19836	-585.19836	200.0	2600	-87.13892	61.596874	-0.035649285	-131.70407	200.0	0.21162352	60.741035	-61.66537	30.64215326309204	981.6095943395908
14	-1.3141768	0.0	-1.3141768	-1.3141768	200.0	2800	-355.17545	37.243942	-305.62595	-395.4196	200.0	0.21240403	60.58031	-61.566708	33.17548370361328	986.8126616886683
15	-136.13382	0.0	-136.13382	-136.13382	200.0	3000	-865.2981	427.1878	-263.98386	-1216.4531	200.0	0.21439846	60.61419	-61.704395	36.092926025390625	1001.9797297159831
16	-286.88663	0.0	-286.88663	-286.88663	200.0	3200	-165.171	57.12832	-122.97012	-245.93535	200.0	0.21016884	61.082314	-62.250076	39.220409870147705	1020.7111668705941
17	-384.662	0.0	-384.662	-384.662	200.0	3400	-520.85	392.8896	-240.81694	-1076.4739	200.0	0.20520453	61.62781	-62.85334	41.931110858917236	1027.02445351797
18	-0.21312454	0.0	-0.21312454	-0.21312454	200.0	3600	-125.546936	3.054119	-121.26538	-128.18031	200.0	0.20038891	60.918877	-62.198673	44.91531491279602	1038.95777514025
19	-130.61752	0.0	-130.61752	-130.61752	200.0	3800	-168.44553	59.88315	-126.02856	-253.13304	200.0	0.19300844	60.617577	-61.922	47.5408148765564	1041.7693828344345
20	-244.13055	0.0	-244.13055	-244.13055	200.0	4000	-712.7229	414.04388	-131.46507	-1064.6138	200.0	0.19869578	60.6221	-61.944054	49.99991798400879	1040.8316260337829
21	-129.88731	0.0	-129.88731	-129.88731	200.0	4200	-401.67422	483.35184	-0.54381126	-1081.5768	200.0	0.19979687	60.18403	-61.486603	52.286297082901	1036.555091137924
22	-0.37534484	0.0	-0.37534484	-0.37534484	200.0	4400	-737.5203	431.00555	-128.03746	-1049.0961	200.0	0.20826767	59.516205	-60.796555	54.556923151016235	1032.3657776258208
23	-1041.3665	0.0	-1041.3665	-1041.3665	200.0	4600	-602.3065	764.16437	-0.15979011	-1680.5448	200.0	0.32134932	61.554	-62.848778	56.80140280723572	1028.0642303741497
24	-117.65705	0.0	-117.65705	-117.65705	200.0	4800	-157.63184	110.80637	-0.96107763	-238.75705	200.0	0.2857098	60.840233	-62.12528	59.03348350524902	1023.9029750188191
25	-236.36334	0.0	-236.36334	-236.36334	200.0	5000	-1156.8011	737.306	-114.2139	-1691.8412	200.0	0.32892907	60.818897	-62.09795	61.57719540596008	1025.2603035092354
26	-1662.7429	0.0	-1662.7429	-1662.7429	200.0	5200	-82.30002	56.36399	-2.877306	-127.874344	200.0	0.49008408	62.60209	-64.01277	64.09675908088684	1026.1233726192743
27	-239.92842	0.0	-239.92842	-239.92842	200.0	5400	-121.01727	6.1988792	-114.999306	-129.54688	200.0	0.47130057	62.590424	-63.908688	66.47630381584167	1024.7609476500088
28	-123.94185	0.0	-123.94185	-123.94185	200.0	5600	-79.77031	54.784603	-2.3090608	-119.85922	200.0	0.5173176	62.021927	-63.366318	69.06801700592041	1026.6467384951454
29	-223.85849	0.0	-223.85849	-223.85849	200.0	5800	-82.6103	57.510986	-1.359098	-126.390564	200.0	0.56914943	61.636375	-62.976273	71.54176878929138	1026.70661404448
30	-120.35517	0.0	-120.35517	-120.35517	200.0	6000	-174.61725	123.230804	-3.0264244	-286.79807	200.0	0.6160279	60.8467	-62.165714	73.85561394691467	1024.5414890302552
31	-1.4186279	0.0	-1.4186279	-1.4186279	200.0	6200	-194.31142	54.014088	-118.07162	-236.54237	200.0	0.67375207	60.2145	-61.51714	76.4152102470398	1025.8125723969551
32	-121.632774	0.0	-121.632774	-121.632774	200.0	6400	-161.30559	54.097313	-122.529335	-237.80835	200.0	0.7302107	59.58756	-60.896896	78.92514228820801	1026.3557045062382
33	-116.56616	0.0	-116.56616	-116.56616	200.0	6600	-209.7229	66.54118	-117.76538	-273.0064	200.0	0.7891702	58.746563	-60.069447	81.22717833518982	1024.24189974479
34	-2.5903697	0.0	-2.5903697	-2.5903697	200.0	6800	-262.6993	100.9584	-120.09058	-340.00034	200.0	0.8187372	57.906883	-59.255505	83.50484561920166	1021.9519488867592
35	-126.98417	0.0	-126.98417	-126.98417	200.0	7000	-198.2213	56.96712	-117.72927	-241.40935	200.0	0.86551225	57.26213	-58.64987	85.83760571479797	1020.4456317475864
36	-127.29297	0.0	-127.29297	-127.29297	200.0	7200	-164.41347	48.968124	-128.57814	-233.6506	200.0	0.8968294	56.453026	-57.893925	88.23758363723755	1019.7977027407399
37	-128.95158	0.0	-128.95158	-128.95158	200.0	7400	-88.13297	56.63008	-8.078543	-130.13873	200.0	0.9138829	55.229527	-56.739536	90.60896754264832	1018.8611066518604
38	-229.80206	0.0	-229.80206	-229.80206	200.0	7600	-166.27791	52.701538	-128.36552	-240.80537	200.0	0.9425773	54.6613	-56.173985	93.0563485622406	1018.8037600046711
39	-131.64384	0.0	-131.64384	-131.64384	200.0	7800	-164.1767	45.788624	-128.77856	-228.83453	200.0	0.90839326	53.75386	-55.290558	95.38699555397034	1017.5020495823305
40	-241.25662	0.0	-241.25662	-241.25662	200.0	8000	-86.5552	53.951675	-10.31305	-127.23087	200.0	0.89787436	53.14146	-54.688744	97.91900205612183	1018.357621383667
41	-122.58278	0.0	-122.58278	-122.58278	200.0	8200	-134.2852	3.5929363	-129.26796	-137.4897	200.0	0.88818175	51.90541	-53.477753	100.39934992790222	1018.6452743294763
42	-4.995607	0.0	-4.995607	-4.995607	200.0	8400	-257.17087	20.150347	-232.89796	-282.2369	200.0	0.85923487	50.914433	-52.50075	102.82514667510986	1018.3769883799175
43	-136.90172	0.0	-136.90172	-136.90172	200.0	8600	-166.00764	54.889122	-118.24784	-242.88258	200.0	0.84163314	49.837955	-51.435917	105.20700240135193	1017.6942476474961
44	-244.39342	0.0	-244.39342	-244.39342	200.0	8800	-221.00952	62.798172	-135.23196	-283.825	200.0	0.8338561	49.321884	-50.960724	107.49931526184082	1016.1942847251892
45	-134.86511	0.0	-134.86511	-134.86511	200.0	9000	-166.66516	55.00382	-125.4482	-244.40509	200.0	0.82960266	48.11065	-49.750137	109.78681921958923	1014.7148420832775
46	-13.28569	0.0	-13.28569	-13.28569	200.0	9200	-211.10698	52.822254	-136.43211	-250.18658	200.0	0.7906064	46.86415	-48.479893	112.05930757522583	1013.1623047942701
47	-137.31143	0.0	-137.31143	-137.31143	200.0	9400	-204.3178	112.17763	-124.70034	-362.96054	200.0	0.77116334	46.169403	-47.85927	114.4108624458313	1012.3738477343363
48	-126.043846	0.0	-126.043846	-126.043846	200.0	9600	-125.30134	3.4406908	-121.41296	-129.77888	200.0	0.7522641	44.857086	-46.542393	116.79508066177368	1011.8996016224226
49	-18.386574	0.0	-18.386574	-18.386574	200.0	9800	-162.28421	55.510197	-120.37241	-240.72597	200.0	0.69935244	43.804012	-45.356075	119.1676766872406	1011.3444561303878
50	-224.99332	0.0	-224.99332	-224.99332	200.0	10000	-155.32732	52.247616	-117.76266	-229.21312	200.0	0.6911493	43.098495	-44.60924	121.56015062332153	1010.9752526839574
51	-351.8543	0.0	-351.8543	-351.8543	200.0	10200	-119.154915	2.2273612	-117.14242	-122.25976	200.0	0.67001444	42.8366	-44.315163	123.98530149459839	1010.8853879048154
52	-239.15384	0.0	-239.15384	-239.15384	200.0	10400	-123.185234	95.657646	-3.1108408	-237.18709	200.0	0.68736756	42.21788	-43.67927	126.37724089622498	1010.5318608586605
53	-123.3814	0.0	-123.3814	-123.3814	200.0	10600	-125.97632	2.0813794	-123.34027	-128.42865	200.0	0.66446334	41.438377	-42.8796	128.90508437156677	1011.256333275936
54	-3.666751	0.0	-3.666751	-3.666751	200.0	10800	-119.364075	1.6233586	-117.5048	-121.460014	200.0	0.6483165	40.34286	-41.777355	131.24761319160461	1010.5256045301755
55	-124.28748	0.0	-124.28748	-124.28748	200.0	11000	-199.65031	51.439827	-126.98321	-238.93394	200.0	0.64675707	39.84569	-41.28196	133.65215301513672	1010.2887748371471
56	-117.184074	0.0	-117.184074	-117.184074	200.0	11200	-157.5503	49.250053	-119.758415	-227.1136	200.0	0.64213556	39.06112	-40.469044	136.00628542900085	1009.684757065773
57	-3.3518512	0.0	-3.3518512	-3.3518512	200.0	11400	-192.98494	51.862057	-120.06082	-236.2341	200.0	0.6111561	38.107704	-39.48778	138.45705914497375	1009.8053877932983
58	-374.50266	0.0	-374.50266	-374.50266	200.0	11600	-203.10162	59.110977	-119.80265	-250.84395	200.0	0.6128829	37.870743	-39.208614	141.05435729026794	1010.9706263028343
59	-126.38484	0.0	-126.38484	-126.38484	200.0	11800	-236.38298	88.7529	-128.96332	-346.31894	200.0	0.5893681	37.31164	-38.622025	143.51518368721008	1011.1333887973748
60	-129.52094	0.0	-129.52094	-129.52094	200.0	12000	-188.14967	93.29529	-119.14042	-320.04172	200.0	0.5675877	36.97625	-38.262623	145.90143251419067	1010.7727019177543
61	-2.8568995	0.0	-2.8568995	-2.8568995	200.0	12200	-156.78763	51.718018	-116.02927	-229.76146	200.0	0.56147283	36.26326	-37.514755	148.16127061843872	1009.561182500886
62	-2.3391724	0.0	-2.3391724	-2.3391724	200.0	12400	-199.85199	49.353226	-130.056	-234.77606	200.0	0.5390021	35.519848	-36.754105	150.45955204963684	1008.6452443585601
63	-369.62476	0.0	-369.62476	-369.62476	200.0	12600	-199.11516	149.84961	-2.0442424	-365.13876	200.0	0.53333825	35.21137	-36.42991	152.81668615341187	1008.1454239702729
64	-120.26049	0.0	-120.26049	-120.26049	200.0	12800	-157.31041	47.04459	-120.878204	-223.73763	200.0	0.5227512	34.74971	-35.980236	155.25208568572998	1008.168231421709
65	-0.8079691	0.0	-0.8079691	-0.8079691	200.0	13000	-158.68486	56.086613	-116.116	-237.93033	200.0	0.5190312	34.28831	-35.49135	158.03513169288635	1010.4117971184927
66	-120.72614	0.0	-120.72614	-120.72614	200.0	13200	-120.20158	100.253555	-0.8362483	-246.14209	200.0	0.49832422	33.75734	-34.95072	160.93486285209656	1013.3206743318625
67	-350.67358	0.0	-350.67358	-350.67358	200.0	13400	-82.78513	57.792393	-1.0545785	-123.81789	200.0	0.49410182	33.629776	-34.80477	163.77763080596924	1015.7879773346345
68	-236.00745	0.0	-236.00745	-236.00745	200.0	13600	-157.49046	52.548973	-115.42206	-231.57915	200.0	0.47422707	33.088936	-34.23772	166.83442974090576	1019.4892162500643
69	-121.70263	0.0	-121.70263	-121.70263	200.0	13800	-162.8814	52.07614	-124.269104	-236.49872	200.0	0.48037216	32.62853	-33.767757	169.73600554466248	1022.146945467145
70	-116.68549	0.0	-116.68549	-116.68549	200.0	14000	-125.01343	91.26462	-18.374895	-241.30104	200.0	0.4673097	32.194244	-33.323875	172.77092218399048	1025.5188309635435
71	-355.49933	0.0	-355.49933	-355.49933	200.0	14200	-158.63942	54.554085	-118.79437	-235.77646	200.0	0.46944633	32.070847	-33.193424	175.56631016731262	1027.3926164697034
72	-129.30128	0.0	-129.30128	-129.30128	200.0	14400	-157.63867	48.698566	-123.059265	-226.50865	200.0	0.4624964	31.691822	-32.797886	178.40540170669556	1029.4652439223396
73	-232.27246	0.0	-232.27246	-232.27246	200.0	14600	-124.4115	2.9860127	-120.46121	-127.679245	200.0	0.46379203	31.267315	-32.34489	181.29321098327637	1031.757047986331
74	-124.20599	0.0	-124.20599	-124.20599	200.0	14800	-200.85237	52.256645	-127.016975	-240.48788	200.0	0.44795594	31.044712	-32.108856	184.06000399589539	1033.3062296400199
75	-115.74569	0.0	-115.74569	-115.74569	200.0	15000	-123.37551	3.218017	-119.43875	-127.321236	200.0	0.43164483	30.472	-31.510078	186.80558395385742	1034.6953733444213
76	-250.56702	0.0	-250.56702	-250.56702	200.0	15200	-206.47896	58.265102	-124.17151	-251.00075	200.0	0.43711358	30.41968	-31.437422	189.70159912109375	1036.869003617136
77	-119.61218	0.0	-119.61218	-119.61218	200.0	15400	-120.824684	94.348915	-3.1620643	-234.14642	200.0	0.4296529	29.90797	-30.925737	192.46796369552612	1038.2855106458003
78	-123.800674	0.0	-123.800674	-123.800674	200.0	15600	-169.92348	49.439213	-132.76302	-239.79385	200.0	0.41919926	29.603613	-30.612041	195.29731249809265	1039.9999192473215
