Epoch	AverageEpRet	StdEpRet	MaxEpRet	MinEpRet	EpLen	TotalEnvInteracts	AverageTestEpRet	StdTestEpRet	MaxTestEpRet	MinTestEpRet	TestEpLen	LossQ1	LossQ2	LossPi	Q1val	Q2val	Time	remian_mins
1	93.7042	66.23889	428.65128	0.29800278	245.45	10000	19.233225	3.8207717	21.99915	13.83035	77.666664	0.023849435	0.023766898	-3.4532993	6.927988	6.927979	54.94848942756653	456.98825850884117
2	75.76574	37.472763	133.65067	0.298625	211.375	20000	46.984356	34.39557	82.15549	0.29851112	165.33333	0.02543555	0.02528624	-5.4204917	10.840673	10.840666	111.3350133895874	462.0402996301651
3	86.325554	32.76706	140.36671	11.579787	234.16667	30000	92.352104	46.75896	143.18579	30.308043	210.66667	0.023850136	0.024672393	-6.4491506	12.87174	12.871784	169.619393825531	468.3379890018039
4	73.179474	40.801346	140.30534	0.29857478	203.55103	40000	47.16367	53.799706	122.50346	0.29873332	108.333336	0.027182264	0.02641733	-6.8280888	13.62701	13.62705	226.20236659049988	467.4848889827728
5	69.14726	38.468563	140.85214	0.29814443	203.62	50000	40.75546	33.022552	81.18639	0.29800278	138.0	0.026688907	0.02611076	-6.8366666	13.646598	13.646621	284.44014382362366	469.3262357354164
6	87.80943	33.31217	150.16463	8.247968	234.80952	60000	29.060888	26.89085	64.98776	0.29830277	113.333336	0.026938172	0.026654111	-6.902715	13.779255	13.779209	340.44280910491943	467.16318641371197
7	75.425545	43.208836	137.67134	8.121949	200.46	70000	59.89464	43.90262	114.30754	6.7925	170.66667	0.027431723	0.026887953	-6.9061656	13.783804	13.783775	398.5818386077881	467.8591564961842
8	80.229195	31.750074	130.41806	0.29866388	225.18182	80000	59.520824	31.935703	87.78825	14.882225	185.33333	0.0272928	0.026882008	-6.837771	13.655441	13.655411	455.6028308868408	466.99290043711665
9	69.93301	38.554092	133.64429	0.29864752	196.7451	90000	69.596466	43.281216	100.32198	8.38775	177.33333	0.02817192	0.026952038	-6.741341	13.457771	13.457667	513.1268465518951	466.5653355346786
10	65.73335	37.197372	135.93723	0.2983559	194.98077	100000	47.44429	47.621067	114.419914	7.8451333	114.333336	0.02771409	0.02734872	-6.6772366	13.337673	13.337605	569.5194070339203	465.10751477082573
11	84.364746	35.13314	143.46577	8.472705	225.45454	110000	60.043457	18.055939	80.0453	36.2959	206.0	0.027924236	0.027040534	-6.567693	13.120827	13.120802	626.9480171203613	464.5114843520251
12	75.709015	37.36208	136.2212	0.29864886	210.8125	120000	50.12678	43.423847	110.02453	8.445875	130.33333	0.029730372	0.028226878	-6.54996	13.078012	13.078017	682.3157868385315	462.4584769381417
13	70.657234	36.79183	126.10879	0.29710773	205.20833	130000	82.29081	36.69124	120.74384	32.89156	205.0	0.031558964	0.030681629	-6.431389	12.848276	12.848303	741.4845225811005	462.9525154263545
14	81.28181	38.400143	147.7257	10.258646	218.06522	140000	69.97882	29.263908	109.90171	40.573505	201.33333	0.032888625	0.032411058	-6.356289	12.6906595	12.690663	799.2433135509491	462.4193450076239
15	77.4237	39.497955	133.55522	0.29856274	206.0204	150000	63.955368	24.460466	88.878105	30.718664	204.33333	0.032450218	0.03226335	-6.3111486	12.60851	12.608501	857.9735915660858	462.3524348126518
16	78.36939	37.57804	152.43355	0.29831147	214.93478	160000	72.28965	30.589424	95.84637	29.088684	210.0	0.032038	0.03154559	-6.32183	12.6291065	12.629096	912.6288087368011	460.1170238037904
17	75.425934	34.294716	133.8898	0.29803428	211.20833	170000	88.75724	18.771969	112.68369	66.83289	251.0	0.031959847	0.031598326	-6.345429	12.674366	12.674358	971.4505035877228	460.0103849579306
18	82.398186	36.077427	139.44249	0.2971073	219.22223	180000	89.30469	25.591408	125.308136	68.110115	251.0	0.03259025	0.032875594	-6.3401566	12.673432	12.673437	1028.2051010131836	458.8841279895217
19	75.424095	35.481426	135.27202	15.152401	212.76596	190000	75.77581	55.41495	131.78015	0.2988	167.66667	0.03393863	0.034024272	-6.3338585	12.653765	12.653763	1086.4109373092651	458.3891757781046
20	73.714745	35.16963	144.54239	0.2971021	208.47917	200000	79.229645	10.263326	90.85631	65.89173	243.66667	0.034399886	0.03407312	-6.300163	12.59623	12.596223	1143.0267579555511	457.21070289611816
21	70.659996	40.478546	141.75137	0.29814443	192.46153	210000	66.967445	37.670982	103.68318	15.17875	187.33333	0.03494273	0.03440678	-6.2635374	12.522056	12.522067	1201.0969405174255	456.6074872514558
22	75.87194	34.051437	120.13001	0.29852113	216.58696	220000	51.938038	21.569517	69.42413	21.549126	195.33333	0.035705537	0.035098467	-6.2445273	12.470982	12.470994	1258.14067196846	455.59942480686937
23	62.547062	34.468204	127.38934	5.2084775	194.38461	230000	63.483673	31.821953	89.625496	18.68881	191.66667	0.0360887	0.035264723	-6.193406	12.374165	12.374178	1316.1904582977295	454.94409278216574
24	73.50401	35.128593	137.3056	0.29801646	211.25533	240000	45.35758	39.195663	99.62217	8.429083	131.33333	0.0365597	0.03603372	-6.149397	12.292864	12.292895	1372.567676782608	453.7098705424203
25	77.73451	39.85474	137.64499	0.2985146	206.83673	250000	95.835205	4.6152887	99.94157	89.38832	251.0	0.036522117	0.036196887	-6.1462364	12.282748	12.282773	1430.788206577301	453.0829316298167
26	74.71243	37.77523	133.88136	0.29800472	205.6875	260000	37.89666	21.844345	68.75426	21.195223	144.66667	0.036532514	0.03679457	-6.127792	12.248611	12.248635	1487.5918340682983	451.99905698482803
27	79.28652	36.155167	140.2907	9.713917	214.85106	270000	97.99564	15.124857	115.828896	78.850464	251.0	0.037011173	0.0374914	-6.1062827	12.204535	12.204542	1546.1077659130096	451.4252918677565
28	75.99035	30.412718	142.0196	9.993539	226.63637	280000	102.295815	10.204072	116.58524	93.406425	251.0	0.03737881	0.037152503	-6.0574584	12.102639	12.102672	1603.7210409641266	450.56924457436514
29	75.35494	38.950233	133.53252	0.29800287	204.95833	290000	72.327034	42.28644	110.09201	13.287727	183.33333	0.036377802	0.037054725	-6.023897	12.03871	12.038734	1660.1072001457214	449.37384529853693
30	63.681488	38.42694	135.29594	0.2988112	188.27777	300000	92.849266	11.331821	107.58486	80.026024	251.0	0.03652418	0.037551075	-6.0118904	12.010971	12.010985	1716.7554905414581	448.2639334546195
31	75.22293	39.489697	139.31926	0.2985788	201.28	310000	62.368256	24.722445	86.28031	28.322433	207.66667	0.036859527	0.037441738	-6.0012197	11.994089	11.994113	1774.8672301769257	447.5337261384533
32	72.37915	37.665684	142.59267	0.29863667	207.0	320000	82.733475	16.308392	95.91649	59.7529	251.0	0.036873292	0.037387848	-6.027122	12.047982	12.047977	1830.6127336025238	446.21185358315705
33	74.56879	31.417694	140.93265	8.535869	216.17392	330000	55.175922	24.658533	85.0718	24.679922	201.66667	0.038811054	0.03847262	-6.0108533	12.013348	12.013373	1888.025398015976	445.30700015997644
34	77.52587	40.741325	132.96095	0.2980235	203.20409	340000	43.114777	44.063797	105.42106	11.027634	113.0	0.03905008	0.03917377	-5.9922047	11.982699	11.982713	1944.4716837406158	444.1783353817229
35	78.24488	39.52435	135.12207	0.29830277	207.36734	350000	59.138935	33.655323	106.72732	34.61648	236.33333	0.03909141	0.040105563	-5.987078	11.96461	11.964641	2002.6822035312653	443.45105908938814
36	74.04695	35.988644	131.58963	4.9271073	212.55319	360000	110.92731	8.529459	117.13021	98.86647	251.0	0.038469996	0.039411668	-5.998123	11.989355	11.9894	2059.4190549850464	442.39372276906613
37	77.43098	32.88501	127.958084	8.449761	218.13333	370000	10.715934	8.160017	20.223999	0.29830277	41.666668	0.03846629	0.038829006	-6.00086	11.997282	11.997305	2116.1381092071533	441.33871346873207
38	77.254814	29.493668	130.63037	17.759546	221.48889	380000	44.96875	27.631428	84.000404	23.827778	148.0	0.038186565	0.038669072	-6.021038	12.034062	12.034099	2173.2579629421234	440.37069229765945
39	68.74746	41.195175	133.50171	0.29830277	189.61111	390000	85.35342	28.206001	123.97451	57.401344	251.0	0.03840948	0.03921019	-6.00359	12.006108	12.006144	2231.6213145256042	439.64847250708146
40	76.29158	37.658	142.21252	8.201979	212.80852	400000	83.6941	41.290062	128.91301	29.088684	210.0	0.03931069	0.040278967	-6.002112	12.003155	12.00316	2289.0994470119476	438.7440604031086
41	65.81691	39.192875	123.21456	0.2981448	189.6923	410000	85.22403	13.991291	102.09823	67.838165	239.33333	0.039884254	0.040802434	-6.04781	12.090203	12.090193	2346.557477712631	437.83328529770785
42	75.962234	33.126537	132.12328	8.767452	219.41304	420000	96.80576	25.753677	131.20222	69.237366	251.0	0.040486023	0.041593775	-6.0616794	12.120579	12.120566	2404.2800254821777	436.96835366430736
43	79.43593	35.218353	146.95695	0.29709443	217.76086	430000	76.50776	35.32942	121.85628	35.67075	205.66667	0.04318218	0.04370894	-6.0701833	12.140812	12.140814	2462.1311509609222	436.1216804470203
44	76.39094	39.420395	135.47446	7.9837694	205.85417	440000	115.364525	12.794509	132.51492	101.794624	251.0	0.045800403	0.046249565	-6.0537267	12.106782	12.106773	2519.2191746234894	435.1378572702408
45	72.46185	36.032234	134.65471	0.29863116	205.06122	450000	76.352356	46.795673	111.76673	10.229061	179.66667	0.04906918	0.05021991	-6.0556145	12.109242	12.109259	2576.8442466259003	434.2459747336529
46	82.59736	31.530924	140.05922	0.29873332	229.02325	460000	79.621445	25.909485	111.689224	48.235184	235.66667	0.053141672	0.053631485	-6.0524297	12.097315	12.0973425	2633.3721539974213	433.17063676879025
47	64.09465	40.066727	134.11569	0.2984372	184.83636	470000	104.00471	26.709263	130.56413	67.46506	251.0	0.05890999	0.05920857	-6.037272	12.060758	12.060772	2691.043731212616	432.28468432883
48	76.45771	35.828674	132.39046	7.846203	213.80852	480000	114.99555	21.601843	144.6601	93.84104	251.0	0.06435473	0.06563197	-5.9859242	11.971329	11.971356	2749.160251379013	431.4654281169176
49	72.615654	41.08843	134.8339	0.29856026	196.58824	490000	38.50427	34.67546	84.230034	0.29709443	113.0	0.07646131	0.07989463	-5.9654913	11.924324	11.924354	2805.044597864151	430.2976575167001
50	74.598305	35.901	138.96341	0.29873332	211.23404	500000	73.14136	21.81098	103.86497	55.40824	249.0	0.09616724	0.101053305	-5.896344	11.791209	11.791233	2862.635846853256	429.39537688493726
51	81.984215	32.78899	139.21884	7.887174	220.4	510000	72.863754	39.114265	114.32528	20.421871	194.66667	0.1331422	0.13239215	-5.778418	11.552934	11.552969	2919.054257631302	428.31874550596564
52	74.16205	41.072704	136.48666	0.29851863	196.92157	520000	30.648598	5.4410725	35.063377	22.983168	114.666664	0.1740291	0.17017834	-5.6371856	11.269353	11.269371	2976.237466096878	427.3571744478666
53	75.65467	41.793015	150.85248	6.7934546	197.62	530000	99.805115	17.93589	120.25554	76.58455	251.0	0.227012	0.22443195	-5.4523335	10.9039	10.903913	3032.686730861664	426.29275731725517
54	65.61706	38.14747	135.244	0.29855832	187.57408	540000	108.84971	20.762945	137.80013	90.12537	251.0	0.3062264	0.2859791	-5.204079	10.401851	10.401872	3091.708863735199	425.5870841648844
55	69.478004	35.33027	142.91592	4.977827	197.70589	550000	80.70524	35.072598	115.55301	32.714127	201.0	0.41840416	0.3901832	-4.9774666	9.952382	9.952436	3148.5755915641785	424.5806478569002
56	80.248566	32.750805	137.18225	0.2988	220.51111	560000	65.18676	23.245686	95.255135	38.643337	212.33333	0.59544796	0.5450579	-4.817078	9.636985	9.637138	3206.3103878498077	423.69101541127475
57	73.039474	40.36041	137.21027	0.29866388	197.44	570000	43.856945	17.15148	62.67744	21.195223	186.0	0.88769454	0.81206155	-4.55144	9.106557	9.1068125	3262.289671421051	422.5714397710666
58	72.2103	38.989956	132.62741	0.29830277	201.4	580000	22.343988	2.5969694	24.481625	18.68881	90.666664	1.3270807	1.2089205	-4.080629	8.153285	8.15373	3320.2289361953735	421.70723829639365
59	79.94774	32.19171	138.60023	7.9307995	221.57777	590000	101.42236	24.093067	119.21058	67.360855	251.0	1.9054694	1.7601717	-3.3695192	6.7385426	6.738776	3377.1394317150116	420.71143753124494
60	78.23183	36.462906	144.07118	0.29862615	214.61702	600000	51.304127	34.32912	92.465515	8.429083	152.33333	2.5585306	2.3459022	-2.3775463	4.737464	4.7376246	3434.813388109207	419.81052509678733
61	69.89394	34.27573	132.63385	8.045297	207.45833	610000	68.91431	4.267735	72.20135	62.887077	251.0	3.31887	3.005504	-1.2976179	2.5828648	2.5829885	3491.861451625824	418.83256200812554
62	76.10893	37.41333	137.11705	8.446998	209.5	620000	63.216507	35.357773	104.02393	17.786337	180.0	4.059641	3.5773199	-0.42372867	0.84947854	0.849429	3549.339281320572	417.90607658740015
63	69.255974	34.476208	126.99256	0.2970947	199.12	630000	67.693	24.748413	96.99336	36.464443	222.0	4.8777075	4.2660203	0.24835087	-0.507437	-0.50770265	3605.903438091278	416.8729634722074
64	76.18697	39.146267	137.32475	0.29851112	204.79591	640000	84.26339	23.825151	114.71706	56.55107	251.0	5.857475	5.3354354	0.84102964	-1.6922206	-1.6923664	3663.1860156059265	415.92424541364113
65	68.798706	37.332478	133.27798	0.29709443	195.52942	650000	69.3143	20.397505	94.356285	44.393246	251.0	7.427356	6.792295	1.5857536	-3.181693	-3.1819978	3719.2088985443115	414.8348385508244
66	74.87123	34.179665	129.8951	7.8458524	214.36171	660000	72.33011	24.054565	91.63642	38.42035	205.33333	9.296536	8.393233	2.6194708	-5.2493668	-5.2496214	3776.2733447551727	413.86430078443857
67	81.980156	35.34211	140.73639	0.2986869	218.95555	670000	64.726425	46.93779	128.97908	18.162958	179.66667	11.728475	10.667997	3.9569876	-7.9312654	-7.9316936	3833.1836478710175	412.87774107343523
68	70.77499	38.91159	138.55544	7.3336015	199.66667	680000	107.127014	10.706803	120.92525	94.827896	251.0	15.1846075	13.807283	5.4829154	-10.973329	-10.973726	3888.463662147522	411.7196817482219
69	70.22608	39.20597	133.06593	0.29855847	196.16	690000	82.001724	13.456772	97.851006	64.954185	244.66667	20.859592	18.492313	7.1181283	-14.265791	-14.266487	3945.294340610504	410.72991794428384
70	75.61493	36.627365	147.0215	0.298625	213.51064	700000	54.160976	30.70943	84.07364	11.9369335	183.33333	28.069057	25.414022	8.8780365	-17.781736	-17.781881	4002.2265527248383	409.75176601466677
71	77.62769	33.044052	129.82115	4.9267564	219.04347	710000	60.21738	36.389874	86.868614	8.765422	177.66667	39.08273	35.41641	10.8812475	-21.774864	-21.774874	4059.2990317344666	408.78856436736146
72	79.40404	37.390156	139.04517	0.298734	214.86957	720000	32.067783	19.526497	58.93143	13.0966	98.666664	52.151714	47.91481	13.158658	-26.296843	-26.296926	4113.607024908066	407.5518069792677
73	73.73792	37.33572	133.98582	0.2987342	204.14	730000	86.34784	13.948092	102.4501	68.429504	251.0	66.11987	59.86741	15.785357	-31.59197	-31.592793	4172.765384435654	406.7969905814624
74	70.09594	37.347546	141.98326	7.3335032	197.72	740000	38.708813	41.96704	97.09732	0.29851112	107.333336	85.68811	78.00464	18.723478	-37.498352	-37.499104	4229.049551010132	405.7601595324439
75	73.37501	34.35398	136.08992	0.31863937	210.44681	750000	112.51827	25.243633	135.74167	77.42537	251.0	105.523125	97.157974	22.185907	-44.442486	-44.443813	4286.2780585289	404.81514985958734
76	80.82598	39.890545	153.41287	5.464846	204.7347	760000	72.54662	57.36215	140.62056	0.29868612	167.66667	134.12698	122.51391	26.498146	-53.02973	-53.030952	4343.863605976105	403.9031071336646
77	73.251755	37.11908	144.95378	0.29873413	205.12245	770000	69.52125	21.555626	88.33817	39.342377	205.33333	171.22862	155.93379	32.142616	-64.36306	-64.364586	4402.62238907814	403.09724462698034
78	74.90157	36.61965	138.15167	0.298512	207.97917	780000	51.744488	34.917442	101.11615	26.239553	164.33333	205.29358	188.97545	37.87125	-75.833694	-75.83554	4459.0917682647705	402.08049698843917
79	76.186325	38.34219	133.37495	4.915262	206.04082	790000	93.99688	13.937608	112.09673	78.18812	251.0	249.34149	229.87885	43.185917	-86.40476	-86.40597	4514.279903888702	400.95186479654996
80	75.81958	33.04873	126.41963	0.29709443	214.17392	800000	109.65023	17.260498	122.71957	85.2611	251.0	302.82568	278.18866	46.69391	-93.54008	-93.54105	4572.511921405792	400.09479303956033
81	80.07177	32.29485	138.5749	8.158905	220.60869	810000	93.29795	16.119694	109.77571	71.416145	251.0	349.89417	314.75137	48.08696	-96.13601	-96.136566	4629.6401290893555	399.13975590305563
82	73.30548	36.856937	142.11833	0.298625	207.22917	820000	62.466034	42.62879	106.81558	4.9266	173.0	417.42386	379.69568	48.754738	-97.51379	-97.51308	4686.8550860881805	398.1921596517408
83	69.97159	34.973976	137.07843	8.158945	207.3125	830000	93.29426	20.782166	122.59027	76.60774	251.0	467.13608	425.8269	49.7544	-99.59331	-99.59329	4744.2516548633575	397.259626401907
84	71.61186	38.24134	146.03885	0.2985115	197.47058	840000	83.35683	15.613319	102.18711	63.955246	246.66667	533.24164	489.5007	52.54543	-105.12401	-105.12427	4800.551958799362	396.23603459615555
85	73.0767	39.27642	137.54459	0.2985587	206.70833	850000	26.100761	26.153282	61.951096	0.29800278	102.333336	622.8632	570.1277	57.321224	-114.78815	-114.79	4857.434588670731	395.26183405974336
86	74.332245	37.043526	154.98372	0.2985121	209.22917	860000	88.89785	28.83249	129.38919	64.49202	251.0	710.54297	653.5571	63.4459	-126.89442	-126.897804	4913.725755214691	394.24078726047696
87	78.11529	34.219833	133.5203	7.9298873	219.82608	870000	88.80477	16.184862	111.67921	76.66419	251.0	791.8706	728.9486	70.306595	-140.68669	-140.68909	4971.623450756073	393.3487518713392
88	86.877975	34.883316	135.29109	7.981248	224.36363	880000	59.143917	30.414127	86.58407	16.739225	188.0	935.1279	850.7004	78.239845	-156.66737	-156.67084	5027.832051992416	392.3232585094192
89	73.74141	38.1488	141.61578	0.29830277	205.57143	890000	67.0537	15.517748	83.56879	46.280582	226.66667	1028.5157	936.6713	87.86377	-175.85881	-175.86012	5081.847744226456	391.1309779567665
90	73.029434	34.524815	150.55289	0.2987336	213.65958	900000	79.32583	1.6422303	81.07026	77.12579	239.33333	1103.2743	1018.29	98.90147	-197.87563	-197.87836	5140.247742176056	390.2780692590607
91	73.27996	37.189342	133.19337	0.29843056	203.55103	910000	60.855988	14.325338	74.41415	41.04022	231.0	1215.5328	1123.1829	109.89936	-219.90822	-219.90834	5192.036498069763	388.92727606602205
92	71.20882	35.381092	132.53798	8.197592	203.7551	920000	83.72538	21.000788	113.38798	67.6106	251.0	1404.2225	1315.7068	121.67496	-243.49501	-243.50052	5248.170171022415	387.9082299792248
93	81.37958	35.338623	135.45407	4.926646	220.02222	930000	96.82678	24.850676	120.82097	62.591362	251.0	1539.1396	1430.8632	134.73991	-269.60464	-269.6111	5304.87034869194	386.9322995572535
94	69.91897	34.195858	141.40205	11.25042	204.32654	940000	53.352863	50.851215	124.39459	8.158667	120.0	1723.0596	1608.2448	149.01144	-298.08585	-298.09314	5360.91383767128	385.9097549126503
95	70.186165	38.390194	134.50177	0.29866454	199.78	950000	73.36027	5.3241014	80.37683	67.48662	251.0	1921.8993	1787.7482	163.49522	-327.2739	-327.2822	5418.874138116837	385.02526760665995
96	71.12138	36.933662	135.80855	0.29843056	205.46939	960000	88.07671	48.824844	139.80579	22.603142	198.33333	2216.4937	2044.3802	177.83362	-355.9138	-355.92026	5477.1381046772	384.1603809028864
97	81.844475	32.90138	135.82047	8.76567	223.77777	970000	69.50058	4.7828135	74.85548	63.244476	251.0	2563.6838	2383.9026	188.60133	-377.50366	-377.51004	5532.176820755005	383.0699756336376
98	72.80165	40.287094	137.87392	8.158802	198.54	980000	37.23501	41.985943	95.96487	0.29830277	103.333336	2883.512	2755.4824	194.74931	-389.75302	-389.75644	5589.551353931427	382.1427965811321
99	66.70954	39.4721	139.825	0.29830277	191.07692	990000	80.09718	25.151745	111.12877	49.524963	251.0	3156.398	2975.1633	198.8632	-397.92694	-397.9337	5643.1466755867	380.9599017723642
100	76.39731	36.814392	136.10199	0.2970954	212.08511	1000000	78.11596	46.686226	125.06297	14.438111	182.33333	3422.252	3262.3499	202.72841	-405.82214	-405.82504	5697.682448863983	379.84549652735393
101	76.64254	39.243874	136.3763	0.29873356	208.70833	1010000	64.5261	45.99896	128.1152	20.849806	158.66667	3584.392	3417.914	205.69144	-411.57492	-411.58475	5754.666687488556	378.8963709294206
102	79.41963	34.03154	137.59813	0.2986254	221.26666	1020000	73.08022	43.23274	117.09501	14.321925	185.0	3824.3735	3634.9358	209.55122	-419.50558	-419.51224	5813.34273147583	378.0572560045454
103	79.84518	39.583054	139.95767	8.387915	208.77551	1030000	80.35794	18.650665	104.695274	59.3835	251.0	4328.039	4123.3076	217.16748	-434.11066	-434.1222	5868.151385545731	376.9670064212049
104	73.21463	35.786507	138.51114	0.29866424	207.5	1040000	50.809536	30.777027	84.41074	10.049441	180.33333	4665.75	4447.244	228.03087	-456.4479	-456.45953	5926.122194766998	376.08083153046096
105	76.30838	39.129665	138.29874	0.29863623	212.36171	1050000	48.999897	22.2726	70.078354	18.190569	185.66667	5051.1216	4829.2666	242.83305	-485.9172	-485.92636	5980.80030632019	374.98668581266253
106	66.75805	34.293793	134.64798	0.29814488	201.18	1060000	47.373737	25.659616	76.9993	14.412444	185.66667	5618.56	5407.5615	263.17642	-526.569	-526.58307	6038.447274923325	374.0799097396293
107	73.31108	37.439835	142.19223	0.29880023	204.0625	1070000	61.443924	32.45311	98.57809	19.518831	180.66667	6272.58	5964.7144	287.86908	-575.8079	-575.82404	6091.393979310989	372.8843977405646
108	73.784004	35.387226	134.85106	0.29814488	210.70833	1080000	79.91378	20.095196	101.190285	52.95964	251.0	7147.649	6906.2964	322.90463	-646.1303	-646.1456	6148.551709413528	371.9494243100837
109	82.58002	31.974787	136.83511	0.29800284	224.2	1090000	46.3058	36.211857	96.50751	12.442	140.33333	7518.165	7276.182	360.9045	-722.139	-722.1579	6202.296980381012	370.81010993212374
110	75.67806	33.228283	130.62077	13.040669	216.93333	1100000	109.419556	25.997166	134.88705	73.72206	251.0	8078.544	7916.14	394.67212	-789.7944	-789.811	6260.116968154907	369.91600262143396
111	79.13174	39.545162	141.80225	8.47994	208.32654	1110000	94.08545	8.512131	106.0858	87.26172	251.0	8658.102	8463.284	419.34262	-839.2492	-839.2692	6315.730557918549	368.8917697686691
112	71.30952	36.536774	121.10697	0.298303	199.12	1120000	93.30923	29.876806	133.6353	62.224144	245.66667	9105.814	8882.48	432.72906	-866.01355	-866.03314	6371.941727638245	367.90377828067255
113	74.01331	36.718815	134.42303	0.29868612	209.91489	1130000	84.56238	32.007935	121.07111	43.132675	204.33333	9636.38	9499.47	439.191	-878.04175	-878.0545	6429.18594288826	366.97565774759363
114	65.39591	41.56668	130.41235	0.29709443	181.32143	1140000	61.152847	23.685287	83.670654	28.418365	213.66667	10682.743	10346.212	440.60748	-881.1835	-881.1942	6486.028696298599	366.024426347819
115	69.46792	36.284557	124.339714	0.29851124	197.46	1150000	85.91515	22.356007	111.22101	56.848915	251.0	11312.393	10888.09	435.98264	-871.9828	-871.99585	6540.948286056519	364.9659550383471
116	75.08269	38.438194	144.34415	13.436369	204.0204	1160000	90.33063	4.1363754	95.79659	85.792984	251.0	11158.358	11008.799	429.8208	-859.85156	-859.8544	6599.257341384888	364.0969567134463
117	80.68275	37.856476	139.86583	0.29830277	215.12766	1170000	49.040714	50.781265	120.61489	8.158667	112.0	12287.322	11892.851	427.1902	-854.5773	-854.5853	6653.743189573288	363.0176127124376
118	74.717186	39.947605	152.69731	0.29862502	201.42	1180000	56.540234	31.699772	82.743515	11.9369335	183.33333	12156.936	11799.634	426.3451	-852.2335	-852.2394	6710.675522565842	362.07317078598476
119	79.33726	36.484238	130.13782	0.29866388	214.54347	1190000	49.913128	48.02429	114.88627	0.298625	121.333336	12070.499	11871.0	426.11084	-852.4967	-852.4981	6765.684996843338	361.02604807455
120	73.49534	33.060856	139.54424	0.29868612	215.14894	1200000	54.352905	33.920364	88.75033	8.197333	175.0	12107.463	11958.223	427.34918	-854.69885	-854.70233	6822.3734493255615	360.0697097751829
121	74.85321	37.32152	146.38808	0.29863614	206.85417	1210000	36.401466	35.382694	86.32041	8.445875	112.0	13174.99	12768.882	427.634	-855.5749	-855.56793	6877.491052389145	359.0315576313613
122	66.24879	40.000305	126.147354	0.2981445	185.7963	1220000	73.035904	33.299168	98.46615	25.995447	194.0	13554.457	13320.147	424.68195	-849.0931	-849.0891	6944.87206697464	358.6286394748531
123	83.75547	30.43883	135.555	11.02773	229.18605	1230000	46.48114	40.436928	103.46563	13.83035	132.0	16045.302	15834.259	416.61694	-833.2458	-833.23676	7016.092956066132	358.4101685863523
124	72.98378	34.314335	129.97498	0.29855832	212.55319	1240000	36.03735	12.920247	53.207565	22.0405	185.66667	19008.924	18701.281	400.958	-801.8981	-801.89087	7102.132653713226	358.92498352655804
125	66.26518	39.652397	139.85893	0.29800284	192.5	1250000	105.37595	11.331971	115.02581	89.47039	251.0	19489.822	19191.72	384.3645	-768.41583	-768.40936	7181.148332834244	359.0574165821075
126	81.570045	33.36556	136.9519	5.2749968	221.28261	1260000	57.588535	25.54256	85.5845	23.82182	173.66667	21069.926	21044.04	371.25626	-741.64703	-741.6385	7269.502487897873	359.62882673507016
127	75.76935	38.762688	146.46828	0.29830286	209.53192	1270000	61.81949	37.704964	104.9441	13.0966	150.66667	22583.166	22089.469	356.71252	-712.7731	-712.77374	7351.375122785568	359.85077696106254
128	69.2911	37.141697	136.72252	0.2986642	195.32692	1280000	81.46691	6.6102524	90.745125	75.838264	251.0	22859.328	22699.777	343.4526	-686.81244	-686.8121	7432.626295804977	360.0178361453116
129	77.6882	37.64383	148.50835	0.29830304	208.08333	1290000	80.11924	15.006587	97.83446	61.141117	251.0	26149.938	25583.16	345.57773	-691.2019	-691.2176	7514.9958419799805	360.2149169277467
130	75.55377	38.572025	136.72061	6.7925243	209.97873	1300000	62.465572	29.626528	92.675476	22.21866	197.66667	28281.31	27703.65	359.57797	-718.3436	-718.3574	7597.0553822517395	360.37313987077806
131	85.03565	34.78	139.13979	7.3329988	221.42223	1310000	95.579765	22.571878	126.49047	73.222916	251.0	31553.178	30273.955	385.74432	-771.6201	-771.64557	7681.757069826126	360.6321066572466
132	74.57579	35.51637	129.56836	0.29868618	207.57143	1320000	57.554535	23.140999	87.11834	30.617596	199.33333	34632.332	33775.684	426.18307	-852.2096	-852.2342	7763.748818874359	360.7398440539235
133	77.77187	39.97819	145.19913	0.29814443	208.70833	1330000	59.7589	38.280823	106.562515	12.794444	183.66667	37922.37	36696.297	469.87424	-939.82294	-939.84607	7849.875420093536	361.01557378750994
134	77.549446	40.592445	144.39748	0.29863623	204.85417	1340000	42.42336	12.199934	58.08373	28.322433	178.0	39277.996	38942.48	510.93634	-1021.2293	-1021.26196	7924.500042915344	360.7421661001533
135	67.25979	41.198215	137.87866	0.2985584	190.71698	1350000	66.34991	36.731735	115.402214	27.017204	191.0	44699.53	43926.605	546.45197	-1092.5415	-1092.5568	8001.333034515381	360.55389594604935
136	68.223145	36.393425	142.77304	7.332996	197.37254	1360000	70.16355	26.335987	107.13582	47.78322	197.66667	46439.68	46103.246	573.64075	-1147.1418	-1147.1537	8082.403981685638	360.53860895505136
137	67.80778	38.44795	135.52417	0.29709443	194.50981	1370000	41.894665	55.213158	119.920876	0.29851112	90.333336	46417.508	45975.203	589.90106	-1179.9742	-1179.9799	8164.071169137955	360.53015012784596
138	60.450253	33.552803	124.09445	0.2980668	193.43137	1380000	42.644306	27.887684	71.756836	5.046125	173.33333	27245.701	22025.463	816.4429	-1686.8048	-1686.8811	8246.68747329712	360.5435827176352
139	55.36901	26.001408	117.32742	0.2981639	206.85715	1390000	20.154856	10.962922	35.649372	11.9402	76.333336	18791.602	19326.148	1001.67145	-2022.2571	-2022.2585	8328.82194852829	360.5161538458557
140	50.69561	25.461048	106.65724	0.29814467	196.23529	1400000	72.133316	23.201433	97.28238	41.30767	248.33333	27844.049	30262.479	995.3845	-1980.6368	-1980.6285	8412.818445205688	360.5493618965149
141	57.53769	24.582253	108.74651	0.29806674	221.91112	1410000	72.536156	15.400161	85.71547	50.930614	196.33333	14428.194	14147.831	1008.63837	-2018.9946	-2018.9982	8495.750365018845	360.51706627652436
142	58.653156	28.124674	110.210495	7.6556964	196.13725	1420000	45.067005	38.10513	98.784805	14.493275	134.0	10677.541	9558.183	1059.543	-2130.1838	-2130.1963	8571.105380535126	360.1473856678591
143	53.580482	29.554508	107.35391	0.2980667	185.81133	1430000	59.730366	28.921808	93.186615	22.625393	200.33333	11890.216	9945.083	996.68604	-2009.6174	-2009.6432	8655.542781591415	360.14321360988214
144	55.691444	29.23203	107.65494	5.327402	195.8077	1440000	47.974598	37.58578	98.34291	8.082916	125.0	12989.514	11640.683	893.32623	-1801.8867	-1801.9222	8739.822784662247	360.11306839298317
145	57.848137	29.533781	114.48506	0.2982417	191.67308	1450000	71.527794	9.116354	84.358	64.01668	251.0	9975.393	8739.221	785.97614	-1601.8198	-1601.8499	8821.96638584137	359.97678925867734
146	51.3974	29.427309	105.10169	0.29814443	194.41176	1460000	71.179184	28.208292	110.11679	44.19648	251.0	7331.2144	5653.7725	669.34143	-1385.0038	-1385.0164	8906.164306640625	359.90663975036307
147	52.667213	30.034487	106.24586	0.29814443	190.4151	1470000	45.426685	40.99288	102.3895	7.6150665	135.66667	4165.415	2798.0515	553.2646	-1156.2582	-1156.2579	8986.740006685257	359.6733811626899
148	63.06025	29.19069	109.895996	0.29709446	202.28572	1480000	50.318253	32.397526	77.567894	4.795275	173.0	2844.567	1724.4142	450.70728	-958.08765	-958.0955	9070.119906187057	359.5362845317738
149	52.612175	30.270248	104.83436	0.29836947	194.54903	1490000	59.953815	31.26982	98.01667	21.425804	197.0	2348.0105	1318.1407	349.08142	-752.33716	-752.3525	9152.945405244827	359.3606081456946
150	52.99441	30.638924	97.62447	0.29709443	187.74074	1500000	57.843414	24.76381	81.66503	23.700487	179.0	1878.6206	944.0035	274.89966	-601.32434	-601.33594	9238.336019992828	359.26862294409005
151	63.93083	28.207047	107.46132	7.6556926	219.2889	1510000	61.785294	6.9731894	70.990814	54.119553	251.0	1449.0817	819.5853	235.9977	-508.11462	-508.1211	9316.289344072342	358.87251443139235
152	63.280304	29.104607	115.31251	7.143838	218.78261	1520000	61.354816	9.937526	71.938416	48.05538	248.0	1221.5702	703.53735	203.98038	-444.26108	-444.25958	9403.540985584259	358.8193270269193
153	57.67861	30.685867	111.89157	0.29811394	199.48	1530000	54.08194	38.03082	80.977844	0.29824167	167.66667	1092.743	595.5643	173.28604	-386.01703	-386.01437	9484.412138700485	358.5066461653751
154	49.778297	30.171154	108.24455	0.2981445	178.01785	1540000	60.828114	6.4558887	69.50518	54.03008	251.0	1021.1068	514.81445	164.23804	-370.2456	-370.24023	9568.42845416069	358.298294883889
155	61.420116	24.737219	104.82968	0.29709443	223.0	1550000	60.906677	2.8548841	64.58542	57.62658	232.0	917.6818	492.77902	161.87668	-362.90503	-362.90225	9652.178943872452	358.0647027211805
156	67.14039	25.11274	112.98818	13.633969	226.47728	1560000	44.746937	20.314804	72.82306	25.432943	155.33333	811.8456	458.0363	155.9339	-348.5502	-348.54626	9733.772512674332	357.73693846494723
157	58.505035	27.297182	115.15075	0.29800004	205.77551	1570000	73.712105	13.5020075	90.35033	57.27921	251.0	759.85974	437.07806	158.86934	-351.55545	-351.55307	9817.11922955513	357.45986150852434
158	58.590733	28.945467	101.73579	0.2982417	202.04	1580000	82.40212	5.612313	88.682465	75.05897	251.0	722.49286	435.1673	168.45566	-367.88452	-367.8814	9904.452033519745	357.3125100270102
159	56.795753	28.059965	101.82183	0.2981139	202.65306	1590000	62.163086	39.282143	91.694305	6.6475	175.33333	664.11584	435.97568	182.28998	-389.8757	-389.87387	9986.841427564621	356.9720048715234
160	60.686768	27.849674	114.29897	0.2980668	214.70213	1600000	40.26579	7.5872197	48.81938	30.378654	191.33333	645.659	471.24042	194.34686	-403.9231	-403.92148	10071.538592100143	356.7003250946601
161	63.152832	23.122326	99.69176	10.594768	221.22223	1610000	38.342678	22.148037	67.38337	13.659555	155.33333	612.58704	496.8509	204.50153	-413.7502	-413.75204	10154.397785186768	356.3499843535216
162	50.41312	26.931713	109.45689	0.31250507	196.92	1620000	57.66167	34.08849	105.8685	33.22074	201.0	561.55676	540.8249	201.39526	-401.37006	-401.37256	10236.301560163498	355.9536961947449
163	62.39491	27.869722	109.84437	0.29806668	208.22917	1630000	79.34632	18.751366	93.58244	52.8525	240.0	520.25354	517.19684	182.49129	-361.13846	-361.14316	10315.491652011871	355.4520129250115
164	52.466778	31.378504	107.048164	0.29709446	180.64285	1640000	21.166462	7.0238814	30.595987	13.747	114.0	483.5995	470.42117	171.33615	-340.51236	-340.51755	10402.976766824722	355.2235968834017
165	61.992367	28.021002	111.80394	0.29836944	206.79167	1650000	32.672523	28.972858	70.609116	0.29709443	111.333336	498.225	431.39166	165.63562	-330.7538	-330.75876	10485.620173931122	354.816440188644
166	55.7281	27.938652	108.0413	0.29709446	198.52942	1660000	76.28036	10.765285	88.857315	62.562065	251.0	528.98157	395.55353	162.70236	-327.87985	-327.88098	10568.384747505188	354.4016571554793
167	63.609108	21.60449	109.59121	7.981049	230.18605	1670000	63.920704	24.203018	96.17044	37.86382	245.66667	529.8108	418.456	160.51492	-321.23657	-321.2393	10645.033898353577	353.7720846141884
168	55.417206	27.216398	104.87819	0.29816392	206.9796	1680000	57.416523	32.20749	90.18595	13.6346	186.0	475.08795	371.74103	159.0101	-318.7487	-318.74857	10732.267112016678	353.48340087239706
169	65.13132	22.276861	106.68963	7.143833	221.2889	1690000	62.76859	26.25513	98.07327	35.157215	197.0	463.4733	328.90005	157.65257	-317.70227	-317.70386	10817.079889535904	353.1019174675265
170	48.11146	29.021545	118.02071	0.29709446	180.36363	1700000	61.919357	13.475575	79.554535	46.845806	219.66667	469.10822	279.7042	146.37155	-300.02798	-300.03015	10894.41830611229	352.46647457866106
171	59.59811	30.571983	107.11035	5.327393	197.07843	1710000	55.75818	6.4967504	64.92863	50.684296	251.0	439.99518	206.42424	139.42325	-292.31445	-292.31226	10972.928743124008	351.86097039497855
172	58.49699	27.546566	116.84067	5.046129	208.1875	1720000	49.06668	29.450651	73.08981	7.5902557	170.33333	419.02243	173.01042	124.19081	-269.33878	-269.33868	11055.677978992462	351.38201324791874
173	54.55995	24.747498	97.84982	0.2982417	200.64	1730000	44.096405	22.449657	71.41155	16.424814	170.66667	391.3403	168.03372	111.82815	-242.3506	-242.35132	11141.175289869308	350.97922151440144
174	57.720425	30.278124	114.49309	0.298175	199.6	1740000	68.05368	19.397095	82.048065	40.623947	207.66667	364.0684	178.9263	107.89132	-229.22626	-229.2272	11226.153367042542	350.54846716374726
175	60.977276	28.512861	116.541855	4.783804	206.5	1750000	59.821354	27.286533	93.20068	26.362745	246.0	346.25488	197.18376	108.740715	-226.85213	-226.85286	11307.095215797424	349.9815185546875
176	64.3985	24.91953	104.64347	0.29813612	221.84445	1760000	71.376915	19.202353	98.15624	54.0826	214.66667	348.2131	236.35753	117.627594	-240.47871	-240.48125	11393.040189266205	349.55918759595266
177	52.72518	29.706488	107.346695	0.29709443	190.22641	1770000	26.999868	20.991669	56.663723	11.1595	98.0	361.27246	272.7717	124.68311	-253.27217	-253.27408	11475.442591190338	349.017698365955
178	55.222767	27.794018	101.535706	0.29824167	205.18367	1780000	25.658447	10.531249	39.274902	13.624809	143.33333	332.5257	244.0799	121.29558	-245.98613	-245.98862	11559.361727952957	348.5125913801711
179	60.293713	28.51421	118.51785	0.29814446	210.36171	1790000	64.66362	23.096386	96.54701	42.57769	236.0	312.7585	210.97733	123.12165	-250.10204	-250.10674	11642.707892417908	347.9803755270037
180	54.572918	28.78587	113.88501	0.29800278	203.9796	1800000	59.145664	2.4593446	61.957153	55.96673	226.66667	292.25272	176.31628	123.06488	-251.38419	-251.38602	11725.044183254242	347.40871651260943
181	62.285088	28.738117	115.80889	0.29709446	215.02127	1810000	99.0062	6.9161844	108.14807	91.42361	251.0	283.86847	159.64642	116.07781	-241.0703	-241.07161	11810.921196460724	346.9322155884617
182	58.26628	31.168428	115.96923	8.082923	194.52942	1820000	87.380165	4.587684	93.21172	82.00167	251.0	273.4987	148.9832	106.00731	-222.43959	-222.43939	11894.81088423729	346.38734989781955
183	63.259655	30.52343	111.87357	0.29824167	206.04082	1830000	72.56539	15.375764	86.51838	51.14567	235.66667	259.83395	141.96649	97.12782	-203.96286	-203.96397	11974.45447397232	345.71057084438354
184	64.96348	22.33701	108.861206	9.693591	228.18605	1840000	59.743343	14.596251	79.32491	44.29594	251.0	252.82832	136.88669	90.224686	-188.49876	-188.49866	12059.034455537796	345.16801517873574
185	56.61987	29.560461	100.51274	0.29709443	198.37254	1850000	42.929424	16.42476	57.431835	19.964556	198.66667	249.01724	140.4949	87.314445	-181.57431	-181.57523	12142.254450082779	344.5774911171681
186	57.593792	28.035477	107.736015	0.29806668	194.47058	1860000	42.23502	22.282238	73.63468	24.234512	229.66667	250.1318	144.3716	88.00193	-183.92435	-183.92508	12222.554305553436	343.8962411733511
187	60.65608	27.378277	109.23214	5.0461264	210.875	1870000	33.560474	19.80515	59.37766	11.246	122.666664	259.82935	150.54245	92.092674	-194.49556	-194.49698	12306.270268440247	343.30326146601357
188	55.439598	28.769653	108.345924	0.3192162	192.25	1880000	82.09572	14.880145	98.68766	62.58999	251.0	269.1464	158.68974	96.01598	-204.34734	-204.3483	12393.49714589119	342.7988571938048
189	61.898304	28.512804	106.28043	7.8106694	208.95833	1890000	46.895718	26.373018	70.597046	10.105333	180.33333	278.69537	170.30505	93.33193	-199.5884	-199.58817	12473.686674118042	342.0914069977177
190	66.68503	28.951977	109.20895	7.571087	229.04651	1900000	49.47994	33.03651	88.6606	7.8493333	177.0	278.66425	171.1859	90.132515	-194.66792	-194.66638	12556.561750411987	341.4503633559796
191	65.5323	24.47459	111.70113	0.29814443	222.7111	1910000	47.231174	36.248264	93.7557	5.327389	173.66667	272.68915	172.97371	88.07773	-188.40411	-188.40234	12637.12027478218	340.7391068533453
192	55.387867	29.921482	110.737175	4.783801	196.43137	1920000	34.422283	18.488195	57.773796	12.560744	145.0	275.81216	178.18658	84.011246	-179.9083	-179.90834	12723.41381239891	340.1746053754456
193	58.005936	29.38867	107.83041	0.2981639	212.85106	1930000	66.15273	23.104727	98.07594	44.155884	228.0	290.67435	193.80641	79.308464	-170.98563	-170.98555	12803.644107103348	339.44030575025477
194	60.299187	31.641775	107.77588	0.29800278	193.82692	1940000	60.798504	23.545897	93.399025	38.623005	242.66667	309.02933	214.12946	76.423676	-163.14719	-163.1473	12890.51522898674	338.8743693967455
195	55.79167	27.760054	100.623764	0.2981639	199.26	1950000	85.42219	15.985743	104.458626	65.34336	251.0	318.56625	233.85535	78.14501	-161.73581	-161.73465	12974.512602806091	338.22447380275815
196	60.299053	28.139849	117.00177	0.298175	213.91489	1960000	70.32411	15.855493	87.80088	49.41951	247.66667	308.00677	250.85724	85.2192	-172.57422	-172.57394	13058.824442148209	337.57505356957313
197	57.34456	26.738564	100.62519	6.6475015	212.82979	1970000	15.38224	7.5030856	25.526634	7.6150665	63.333332	298.07764	240.66823	89.75443	-182.9188	-182.92093	13138.96473312378	336.81102486019813
198	57.615406	25.606375	105.66656	13.659563	209.33333	1980000	66.617546	34.546825	94.03762	17.888527	194.66667	298.58994	257.91483	92.661064	-187.82924	-187.83064	13222.56986951828	336.1293013726019
199	57.47376	29.16757	110.466125	7.143827	196.28	1990000	65.88908	14.366155	78.85721	45.86063	246.0	311.91946	273.54495	98.27942	-198.53764	-198.53815	13305.097688674927	335.41326666099945
200	57.0127	27.225506	107.16399	0.29800278	215.85106	2000000	53.390797	3.5123918	57.936367	49.383453	251.0	325.16324	284.07443	99.193954	-200.92375	-200.92348	13389.495385408401	334.73738461136816
201	55.95591	27.422684	105.08491	7.5902576	201.08163	2010000	66.93029	23.890036	100.49039	46.77525	251.0	329.74222	285.2073	98.868546	-200.56131	-200.55923	13468.657930850983	333.9244378912113
202	59.13569	30.831177	105.96159	0.29828888	202.32	2020000	46.7075	20.070072	68.88775	20.279867	198.0	338.14023	288.9016	95.635086	-195.42279	-195.42128	13555.317071437836	333.29079925777893
203	59.8015	30.965242	110.19216	0.29800278	196.84314	2030000	68.194176	19.301718	85.72289	41.308212	196.33333	344.4856	287.43878	93.80673	-192.13408	-192.13315	13639.993782043457	332.600833572484
204	55.298145	30.397074	118.04649	4.7838006	193.0196	2040000	45.01294	6.6578603	53.494736	37.23156	202.66667	325.78467	283.4008	90.78284	-185.22057	-185.21886	13714.196688890457	331.65050812811637
205	61.229565	23.488123	105.47591	6.647501	221.30435	2050000	33.4838	18.42545	51.16276	8.066125	119.333336	290.5522	255.94238	85.615364	-175.0419	-175.03914	13803.266293048859	331.05394765594144
206	52.138973	27.900396	113.44329	8.066127	193.29411	2060000	43.94974	7.880382	53.57152	34.26888	216.0	264.89264	235.42464	80.955444	-165.46526	-165.46419	13883.720443964005	330.24383577467165
207	56.25669	27.528631	103.72827	0.29814443	203.28	2070000	87.59316	18.082294	108.48396	64.375336	251.0	255.04762	222.93404	75.20672	-156.29012	-156.29128	13970.609669208527	329.58040521728435
208	60.230953	30.06967	113.68728	4.795275	206.47917	2080000	68.17994	21.39191	96.79646	45.37216	251.0	251.4036	210.93164	66.12982	-140.88548	-140.88608	14050.369124889374	328.7426109070197
209	58.087517	26.361671	106.80723	0.29828888	214.17021	2090000	61.905743	32.541565	84.9555	15.885042	190.66667	245.23848	201.28966	58.449284	-126.16265	-126.16429	14135.49070763588	328.024545101686
210	59.055073	25.868061	110.4236	9.010363	218.84445	2100000	39.64947	22.997316	60.531082	7.6150665	176.66667	234.24886	194.03862	51.794846	-113.5698	-113.57057	14214.75130701065	327.16491100693503
211	55.21863	31.27873	107.95796	0.29830277	198.96	2110000	71.55959	12.550784	81.7687	53.880707	235.66667	229.99048	192.6873	45.37131	-100.34633	-100.34707	14296.142849683762	326.3495484425747
212	56.575718	28.499744	114.89033	0.29836944	193.59616	2120000	31.688498	10.830988	39.721577	16.377373	185.33333	231.1223	195.88466	41.30765	-90.827095	-90.82864	14378.046244859695	325.54066966794574
213	52.15611	28.81292	105.39194	0.298	195.0577	2130000	76.30279	11.64117	85.79258	59.907436	220.66667	225.44693	191.42502	40.28583	-87.03253	-87.03349	14465.704889535904	324.85581400806734
214	59.219383	28.69797	108.08086	0.29709443	210.23404	2140000	30.777029	21.574768	47.23327	0.29806668	103.0	212.83884	181.80307	40.377296	-85.10355	-85.10397	14545.24930024147	323.982967252969
215	53.606182	30.844612	116.46757	0.2981639	184.33333	2150000	47.411465	21.16877	77.21011	30.021057	245.0	207.43446	174.94617	41.381733	-86.3775	-86.377396	14630.433804988861	323.23051426992856
216	57.31759	25.991993	106.48773	4.7838	212.74467	2160000	75.920044	16.503716	99.225426	63.17033	251.0	193.64911	165.85275	41.190926	-86.19448	-86.19507	14709.968462228775	322.3480743057198
217	62.850178	29.15239	109.267395	7.571084	207.8125	2170000	37.893845	31.627983	82.01725	9.48095	100.0	177.64168	146.36049	40.48254	-85.70727	-85.70693	14796.006481647491	321.602905829601
218	59.643387	30.38779	109.022095	0.29830277	201.84	2180000	53.678402	15.771288	75.406456	38.453297	251.0	167.81342	135.86247	39.480026	-85.23079	-85.23159	14876.7573928833	320.7374300043517
219	51.5616	29.195868	109.0193	0.29836944	194.07692	2190000	47.077717	27.0905	72.240105	9.476859	179.0	160.67088	122.67699	39.94203	-88.83745	-88.83759	14965.438371658325	320.0371523719944
220	57.873257	28.660585	110.95107	0.2981639	200.55103	2200000	62.421574	28.414564	85.00218	22.344671	201.66667	158.9271	120.29058	40.321575	-89.82513	-89.82507	15039.942855119705	319.02909084594614
221	65.38662	30.4669	111.33418	0.298175	206.38776	2210000	47.867493	28.148731	81.22516	12.374403	179.66667	157.92264	119.823074	39.996803	-87.8432	-87.84319	15121.812635660172	318.1738857428412
222	59.470993	25.4466	104.37925	4.795275	204.36734	2220000	39.1534	16.658041	61.204887	20.948906	186.33333	156.47995	122.56462	38.281643	-82.99046	-82.98994	15203.742495775223	317.31534635841666
223	61.091564	30.889383	113.323235	0.29806668	206.25	2230000	25.767866	27.48531	63.931446	0.29709443	96.333336	162.05252	128.23427	37.27987	-79.88418	-79.884125	15279.881276845932	316.33237021092344
224	59.86809	31.638977	116.93658	0.29824167	196.03922	2240000	62.281574	13.434424	80.93236	49.819794	214.66667	169.35692	139.6525	37.687496	-79.68688	-79.68627	15366.811633348465	315.56845317014626
225	56.317173	27.34962	111.19391	0.29813612	209.5	2250000	76.155624	6.803273	85.77327	71.11775	251.0	172.74297	145.04866	37.566204	-78.64608	-78.64688	15452.909401416779	314.7814877872114
226	57.220493	26.794508	108.78621	0.29709443	208.47917	2260000	46.05603	32.418793	71.41267	0.29828888	167.66667	167.39748	142.079	36.656586	-75.63133	-75.63162	15532.9993019104	313.8673899949476
227	57.38506	29.038588	100.180084	0.29800278	205.79591	2270000	54.81593	10.751656	69.12221	43.20241	251.0	165.75275	143.96472	34.576572	-70.26111	-70.26113	15613.876026630402	312.96535645224446
228	58.516438	28.236183	104.469955	0.29709443	205.52083	2280000	88.9253	21.437675	104.93136	58.623947	248.0	155.5598	140.74615	33.082874	-65.80362	-65.80295	15693.0556807518	312.0256684824737
229	62.505783	26.706726	114.29586	7.6556673	210.97917	2290000	34.40217	19.353245	61.113636	15.879693	136.66667	149.8878	139.55266	31.281395	-61.573376	-61.57433	15773.557937383652	311.1087482320169
230	53.473114	28.808012	105.291985	0.29814443	196.76471	2300000	51.113483	29.578785	83.40631	11.9402	174.0	142.94585	133.6724	27.913528	-55.03401	-55.03545	15859.645729541779	310.297416424233
231	62.549473	27.209896	105.32894	5.3273892	217.53334	2310000	70.31967	0.71617943	71.2586	69.5213	251.0	134.38078	123.988304	24.11152	-47.71697	-47.7169	15938.689401626587	309.3439717688946
232	56.04757	28.591408	107.80748	0.29800278	203.83673	2320000	56.446156	9.387465	68.710655	45.9124	229.66667	127.11232	113.87386	21.923923	-43.828953	-43.829563	16023.439565181732	308.497255977954
233	61.080204	23.399727	103.16659	0.29830277	221.08696	2330000	55.662945	30.003063	77.41381	13.23675	154.66667	116.05124	101.31819	19.211664	-38.76886	-38.768772	16111.067051887512	307.7006368142341
234	54.963554	29.562504	111.524284	0.2981639	191.51923	2340000	64.86667	14.178904	81.5347	46.87892	243.66667	103.971695	91.94612	16.3432	-32.854008	-32.854805	16187.43196606636	306.6849645811947
235	58.907196	26.949385	112.57641	0.2981639	216.34782	2350000	56.581833	38.996067	106.444176	11.246	153.33333	94.88969	84.29907	13.93089	-27.84753	-27.847395	16269.742819786072	305.7788543920145
236	60.91684	26.7427	113.85126	0.29800278	210.0	2360000	40.666054	13.924036	57.682777	23.57623	205.66667	85.7376	76.17051	12.582344	-25.198559	-25.199026	16353.75071144104	304.9004369751882
237	56.859585	28.033493	106.90761	0.29709443	197.32	2370000	68.73812	34.098816	116.959175	44.25143	196.66667	76.83272	68.64432	12.743331	-25.423922	-25.424461	16432.320379018784	303.91703652820837
238	59.154797	27.767641	110.32906	5.0461254	209.77083	2380000	45.230206	29.97711	85.88447	14.493275	188.0	67.43287	59.410866	12.616203	-25.17168	-25.171547	16515.809351682663	303.02115194877655
239	54.26946	25.586153	103.52901	5.3273892	211.40425	2390000	62.625744	33.593746	101.55502	19.577362	200.66667	63.99717	55.70046	11.178304	-22.370623	-22.37067	16601.74047446251	302.16556928771314
240	60.251747	26.25272	102.01927	0.29830277	212.87234	2400000	43.155712	14.048092	53.35162	23.291039	162.66667	62.656895	54.334114	8.372014	-16.710436	-16.710203	16682.943248987198	301.219808640745
241	56.006874	28.628756	107.93381	0.29806668	203.66	2410000	72.01903	15.213777	92.245056	55.55233	251.0	58.61377	50.590763	5.6085386	-11.217612	-11.21761	16768.369624853134	300.34631621910165
242	55.559708	30.124332	110.124054	0.2981639	193.52942	2420000	36.745174	22.155455	65.36655	11.39325	151.66667	54.625607	47.270927	3.0787468	-6.219477	-6.2193613	16849.768384456635	299.3967109465402
243	58.386856	24.538586	98.96825	0.298	218.10869	2430000	58.7607	19.99231	74.95831	30.592846	196.33333	54.88123	46.8348	1.7346892	-3.42442	-3.4243388	16933.825031757355	298.49060582418014
244	52.471043	28.687595	104.14618	0.29800278	191.21153	2440000	50.390614	40.03421	98.28658	0.29709443	164.0	53.501137	45.981236	0.75739026	-1.4920439	-1.4923482	17019.100766420364	297.6017620190897
245	64.272446	22.388308	103.50489	0.298	224.22223	2450000	47.059433	4.7795596	53.35176	41.775223	251.0	52.817932	45.56166	-0.31259236	0.64904374	0.64869744	17094.13086915016	296.53084158702774
246	59.481773	28.223969	108.06126	0.29830277	210.74467	2460000	74.60192	11.605055	85.276985	58.468636	251.0	54.79287	47.48691	-0.96365356	1.9107372	1.9105083	17179.84335589409	295.6422907922972
247	47.44315	30.796465	110.83517	0.29709443	174.17241	2470000	59.45107	33.81215	85.044876	11.674033	182.66667	57.309204	50.30424	-0.32230762	0.6437624	0.6432636	17253.457459926605	294.54282976519244
248	59.076324	29.66257	100.05983	0.29806668	199.8	2480000	71.51427	37.901676	102.1423	18.105	194.0	56.91309	49.70681	0.7574856	-1.4874749	-1.4878712	17336.529663324356	293.6025184756325
249	57.783638	27.471386	107.3179	0.29813612	211.59575	2490000	77.38868	18.177303	92.29577	51.798008	244.0	55.96947	49.422485	1.9145062	-3.7590842	-3.7591307	17418.504650115967	292.6402052877898
250	63.803932	28.180168	113.40251	0.29814443	218.69565	2500000	75.01709	24.69435	108.02386	48.632847	251.0	52.239258	46.420696	2.448823	-4.932465	-4.932813	17500.17604780197	291.66960078080496
251	53.194454	28.432463	100.2383	0.29814443	202.7347	2510000	19.71205	11.795132	36.19984	9.27675	67.0	49.889107	44.730377	3.3812704	-6.808442	-6.8086214	17583.186135292053	290.71801775503917
252	58.846035	30.736153	112.37089	0.29709443	206.9375	2520000	61.991516	26.48903	87.57737	25.50204	205.0	48.066303	43.233463	4.4740314	-8.977509	-8.978487	17662.66710639	289.705121835199
253	59.226757	31.597788	114.125145	0.29813612	197.17647	2530000	44.13075	29.974817	84.41546	12.560744	147.33333	46.662243	42.282818	6.0434527	-12.092019	-12.092511	17744.20264840126	288.7231919578099
254	56.76618	28.890955	110.524284	0.29709443	205.65306	2540000	76.507904	11.152861	89.76712	62.480705	251.0	45.973232	41.244015	7.91059	-15.785568	-15.785689	17824.752453804016	287.7223821090901
255	57.614334	25.529942	108.39179	0.298175	207.875	2550000	67.31974	11.7251835	82.82933	54.484653	251.0	44.87669	39.92141	8.988765	-17.906809	-17.906982	17908.070845365524	286.7632259399283
256	52.775074	26.616184	100.344154	0.29806668	195.33333	2560000	39.30312	24.291796	67.38438	8.12425	165.66667	44.593655	39.204227	9.642958	-19.285603	-19.285595	17986.2522251606	285.7191108532871
257	55.31596	27.543695	106.093506	6.6475	197.17647	2570000	40.60803	25.209232	72.7408	11.16734	182.0	45.06524	39.496857	10.057111	-20.101963	-20.101944	18071.06362056732	284.7774616572643
258	57.709286	25.25881	105.27761	7.981042	213.0	2580000	62.47822	5.6214466	70.31391	57.397434	251.0	44.962334	39.146145	10.9740095	-21.96726	-21.967043	18155.226595401764	283.82201782018336
259	60.934196	30.583765	106.749855	0.29800278	202.85715	2590000	57.80016	35.397335	97.84902	11.765667	183.0	42.625652	37.14729	12.0249195	-24.019106	-24.01906	18229.22649359703	282.70550738269304
260	56.418346	31.145025	109.00301	0.29806668	201.7347	2600000	55.475933	30.88465	94.50938	18.98614	197.66667	41.269608	36.016834	12.720925	-25.470978	-25.47058	18318.577534675598	281.82426974956803
261	66.90391	29.64381	112.33416	0.298	218.78261	2610000	33.520172	13.427435	52.3445	21.94525	173.66667	41.28012	36.004578	12.9538	-25.944847	-25.944742	18397.806278944016	280.7838889096889
262	56.884594	24.012383	98.45977	9.7252445	210.02083	2620000	41.207615	29.072512	81.92944	15.935914	151.0	41.305126	36.381397	13.622322	-27.282673	-27.28243	18485.380486488342	279.86771981916354
263	50.54739	28.502354	112.940125	0.29806668	191.40384	2630000	28.147833	30.991512	71.38153	0.29830277	99.333336	40.581657	36.20294	13.935743	-27.901587	-27.900827	18564.210310935974	278.8160864010963
264	66.27388	25.164185	105.18652	7.6150665	222.91112	2640000	61.30937	12.511021	73.07078	43.981377	240.33333	40.190994	36.19535	13.879609	-27.792393	-27.792425	18643.012437343597	277.76205397651654
265	59.815514	27.164097	110.190605	7.810667	213.42554	2650000	31.870108	19.245157	48.353218	4.87237	140.33333	41.053925	37.160965	13.791635	-27.615162	-27.61475	18728.70593905449	276.8079179530623
266	56.39995	25.948324	100.167854	0.29830277	211.2766	2660000	82.68906	15.921631	104.08479	65.915474	236.0	42.22422	38.449226	13.507514	-26.99263	-26.992828	18802.935651540756	275.68213923793087
267	60.41424	25.14632	116.5735	11.6255	220.08888	2670000	61.615005	8.0162735	72.83971	54.62588	251.0	43.002026	39.345966	13.762081	-27.530527	-27.529968	18889.84121990204	274.7398878910717
268	55.576565	30.125877	106.04601	0.29824167	190.81133	2680000	77.20709	8.180676	84.47094	65.776924	251.0	43.12311	39.473946	13.762012	-27.540594	-27.540682	18965.744792699814	273.63512386101394
269	57.228657	29.939552	109.80912	0.29828888	190.21153	2690000	71.60752	20.541927	94.02453	44.397003	246.33333	43.136524	39.757736	13.432827	-26.873692	-26.873291	19049.7655749321	272.6453437133793
270	57.309116	30.632055	114.82711	0.29709443	200.5	2700000	50.510433	23.460957	75.121925	18.93475	197.0	42.23056	38.942295	13.519249	-27.071768	-27.071444	19131.474467277527	271.61969921323987
271	63.1574	25.40752	106.907585	0.29807466	216.53192	2710000	86.67092	20.5711	104.35179	57.823097	251.0	41.0482	37.68886	13.8342	-27.672146	-27.671974	19217.731167316437	270.6556234377043
272	61.652878	32.60624	111.07377	0.29806668	202.42857	2720000	38.11613	21.79233	67.70547	15.85743	136.66667	40.024303	37.168186	14.14244	-28.257719	-28.257713	19293.26550078392	269.5382680123343
273	57.36345	29.683437	111.00726	0.29811388	210.54167	2730000	57.846874	19.909042	77.3675	30.514885	251.0	39.011536	36.271904	13.9519825	-27.913721	-27.913572	19380.932996988297	268.5880213703137
274	60.690544	26.811913	106.9449	0.29806668	211.85106	2740000	38.49099	18.776556	51.781555	11.9369335	143.0	37.616386	35.328106	13.791825	-27.575565	-27.575716	19462.667778253555	267.55248890607606
275	57.354877	28.868597	106.23771	9.48095	202.08163	2750000	57.072765	33.657726	95.99522	13.882944	186.66667	36.32384	33.721794	13.975485	-27.938498	-27.938065	19537.74573779106	266.42380550232804
276	55.955082	29.156456	112.1629	0.29800278	198.68	2760000	23.185614	24.157145	57.337025	5.327389	96.333336	35.568302	32.961098	14.360569	-28.731148	-28.73107	19614.840300559998	265.32151129579773
277	61.818817	30.371227	109.67141	0.29806668	203.96	2770000	69.35169	13.562435	83.095024	50.89339	251.0	34.778915	31.94965	14.342627	-28.67094	-28.670876	19700.0130879879	264.3262887065161
278	56.60203	24.091553	103.43633	0.29830277	206.58333	2780000	70.55121	35.038425	96.90513	21.033638	205.66667	34.926403	31.778578	14.391454	-28.731853	-28.73152	19785.787930250168	263.3360263939384
279	59.987213	26.71781	111.13201	0.298175	208.41667	2790000	56.96423	30.712627	81.51957	13.659555	185.66667	34.9507	31.595734	14.274901	-28.575651	-28.575686	19863.74335885048	262.2393836377057
280	55.660446	29.46138	100.29131	0.29830277	206.91667	2800000	32.444355	36.261005	83.11887	0.29824167	103.333336	34.868935	31.425032	13.88268	-27.767399	-27.766768	19946.382679224014	261.20263030756087
281	56.330093	30.360437	108.49119	0.29813612	191.01888	2810000	56.916687	24.086403	90.51626	35.26574	233.0	34.763306	31.623901	13.06359	-26.156914	-26.156755	20034.18681049347	260.2305404055161
282	62.611916	28.551043	119.78111	0.29811388	211.55319	2820000	84.51919	13.433185	94.45378	65.52857	251.0	33.897015	31.133429	12.642154	-25.215704	-25.215485	20115.448063850403	259.17066653141177
283	57.889545	31.107012	107.35961	0.29811388	205.30612	2830000	35.39745	21.150188	58.952908	7.655667	137.0	33.326694	30.865028	12.497463	-24.966099	-24.966194	20202.9218378067	258.18810592139994
284	60.10724	31.407988	109.03652	0.29814443	204.81633	2840000	80.23007	9.30338	93.28576	72.29117	251.0	32.83724	30.228842	12.681079	-25.347084	-25.347364	20283.362965345383	257.1130516582811
285	58.667007	30.97298	117.00679	0.29709443	207.95744	2850000	77.996254	6.9615097	87.27666	70.510086	251.0	31.457691	29.037874	12.878151	-25.760595	-25.760796	20365.937471866608	256.06295650563044
286	58.39098	21.023361	98.38876	0.29813612	228.34091	2860000	72.53665	13.714525	82.29739	53.141518	251.0	30.888088	28.307156	13.244319	-26.504704	-26.504902	20439.40456390381	254.89700329086997
287	54.847668	27.68276	108.81187	7.143825	195.0	2870000	42.282257	24.96383	71.60619	10.594742	181.0	30.3573	27.430904	14.643574	-29.27279	-29.27279	20525.14323401451	253.88243371904522
288	60.011974	29.0136	105.702354	0.29709443	203.38	2880000	77.07826	19.816715	96.04587	49.72757	251.0	29.300936	26.105278	15.408212	-30.835432	-30.835936	20605.85934662819	252.80336697239565
289	58.71088	23.530697	101.58516	0.29830277	209.48936	2890000	79.060585	8.309829	87.51335	67.76363	238.33333	29.099873	25.478294	15.154766	-30.234947	-30.235184	20686.461525678635	251.72107160997498
290	59.589108	26.455154	103.83767	4.795275	214.12766	2900000	11.129842	9.070265	22.496483	0.29830277	51.0	29.172054	25.434532	13.8978195	-27.799465	-27.79951	20772.854796409607	250.70686822101987
291	60.849968	26.789072	107.56433	5.5478067	206.55103	2910000	73.43134	17.417711	93.34697	50.92001	221.33333	28.787725	25.33057	12.156068	-24.309397	-24.309517	20849.784320116043	249.57645605126606
292	59.70086	26.345388	105.69327	0.32261354	210.55319	2920000	32.999866	35.535206	82.3973	0.29824167	102.333336	28.409153	25.085276	10.532083	-21.088612	-21.088829	20933.014537334442	248.5198072840634
293	53.164	29.51523	104.18088	0.29824167	191.17308	2930000	81.10136	4.4816227	87.43188	77.67002	251.0	28.601759	25.468405	9.76614	-19.537943	-19.538008	21008.636920452118	247.37132208965744
294	54.715866	25.249044	91.070076	0.298175	207.95833	2940000	39.39384	11.07435	48.448402	23.799805	183.0	29.20634	26.245836	9.355502	-18.747574	-18.747591	21089.13517475128	246.2790161991606
295	59.587585	24.601622	106.45805	0.2981639	215.95744	2950000	64.00794	33.919083	105.35108	22.269453	202.33333	30.051943	27.254541	9.532984	-19.102413	-19.102427	21174.580971240997	245.24232196673162
296	54.06161	32.98328	118.85551	0.29811388	179.25455	2960000	76.030174	12.96653	91.50955	59.776497	238.33333	30.85512	28.180872	10.62859	-21.244497	-21.244488	21246.118460655212	244.04325257491422
297	60.636776	30.8781	113.36473	12.52645	198.86275	2970000	63.626484	15.923945	76.416954	41.17943	221.33333	31.811865	29.191444	12.057408	-24.13393	-24.13408	21334.799325704575	243.03952092458104
298	58.687855	28.791758	112.81929	0.29836944	208.33333	2980000	35.863857	28.839167	76.33334	11.246	114.333336	32.630413	30.034262	14.367552	-28.768766	-28.768822	21415.481051921844	241.94223558161352
299	53.892582	27.429773	108.956985	6.6475	196.35294	2990000	53.58667	24.8288	88.5416	33.225018	224.0	33.37365	30.807201	17.192581	-34.41239	-34.412548	21492.55841565132	240.80291200146627
300	51.715584	31.383692	107.03871	0.298	178.52727	3000000	80.87011	32.91145	108.86136	34.670246	203.33333	33.82502	31.11359	18.955008	-37.903824	-37.90357	21574.003300189972	239.71114776929218
301	52.303772	29.63102	108.898575	4.795275	183.76364	3010000	62.517963	27.328362	100.311775	36.622513	248.33333	33.019573	30.351025	19.657372	-39.319813	-39.319946	21651.084857940674	238.5695396755489
302	62.773952	28.844757	110.27782	4.795275	215.97826	3020000	55.40338	6.3621807	60.2113	46.41315	221.33333	32.178616	29.781536	19.327414	-38.662823	-38.662743	21734.72529220581	237.4986538448081
303	55.09678	26.744902	102.9462	0.2981639	203.1	3030000	62.61703	2.321577	64.662994	59.37029	240.0	30.683176	28.47011	18.812252	-37.635635	-37.635666	21818.79516172409	236.430288595807
304	60.205463	29.03331	110.308556	0.29800278	211.63829	3040000	48.024826	9.650043	55.960373	34.441685	192.0	29.915314	27.706923	18.89724	-37.78464	-37.784878	21897.214611291885	235.29901664617816
305	55.072887	27.32683	110.78495	0.298	200.76	3050000	24.87599	16.832748	47.693295	7.5902557	124.333336	29.097193	27.032228	18.868914	-37.72822	-37.728336	21974.121075630188	234.15047047040505
306	53.893948	29.216816	110.61638	7.6150665	191.90384	3060000	83.701225	19.081964	100.84921	57.081684	251.0	28.83573	26.853197	18.895866	-37.828957	-37.82886	22056.602297782898	233.05995890985125
307	63.476456	25.445877	109.208565	9.7252445	220.37778	3070000	42.532646	16.629862	57.526443	19.344416	198.66667	28.586754	26.709318	18.754585	-37.469193	-37.469093	22136.799891471863	231.94366877437545
308	59.63229	27.603899	101.78333	0.298	209.04167	3080000	36.263317	18.872961	53.258644	9.942858	173.66667	28.251028	26.300526	18.210815	-36.390762	-36.39079	22216.200280427933	230.8176652388139
309	55.531754	30.75149	106.41082	0.29813612	197.62746	3090000	86.53744	16.570038	109.966805	74.438126	251.0	27.889635	25.888126	17.06151	-34.088078	-34.087666	22298.691165208817	229.72222288711944
310	49.73065	23.882467	102.761	7.8493333	192.36539	3100000	47.765446	33.074394	94.27738	20.225388	142.0	27.524277	25.480175	16.14358	-32.286186	-32.28625	22375.00209093094	228.56184930621936
311	59.127216	31.1003	116.96345	0.29709443	200.2449	3110000	69.490616	30.909966	109.615814	34.40752	209.0	26.676311	24.658438	14.332173	-28.676577	-28.676672	22457.36758208275	227.4620832196386
312	56.224632	29.278723	110.34322	0.29800278	195.8077	3120000	22.166346	10.189949	34.980392	10.049441	120.666664	25.842451	23.791838	12.14492	-24.351881	-24.352009	22543.802097082138	226.4014313096674
313	54.860607	28.021261	98.28355	0.29800278	194.2745	3130000	28.842712	18.260876	54.28353	12.28005	127.333336	25.349361	23.154352	10.287673	-20.575338	-20.575577	22614.138437271118	225.17805578228766
314	50.77266	27.671865	113.86744	5.327389	190.98112	3140000	61.063374	18.472162	78.41844	35.476307	244.0	25.057404	22.830153	8.898658	-17.801195	-17.801655	22699.28722524643	224.10124329480396
315	60.33091	29.416424	111.74226	7.8493333	209.08511	3150000	69.81825	15.238791	91.14078	56.447086	251.0	25.055162	22.784218	7.934971	-15.8729	-15.872858	22779.11853981018	222.97020791769032
316	52.35331	26.625862	103.15917	6.6475	200.4	3160000	46.969006	26.360115	78.42033	13.911461	146.33333	25.088839	22.731567	7.7212567	-15.4887495	-15.488852	22857.350377559662	221.82238762107076
317	61.774323	28.689737	107.22099	4.795275	210.33333	3170000	78.86762	9.983312	87.9056	64.95524	251.0	25.08727	22.67376	8.354815	-16.706142	-16.706644	22940.21107029915	220.7181191237567
318	55.221775	26.11562	111.28231	5.046125	204.51021	3180000	91.82365	8.504572	103.82752	85.172134	251.0	24.931274	22.616081	8.900969	-17.811172	-17.81136	23020.440949440002	219.58701533444022
319	57.534863	27.939322	105.85929	0.29824167	204.81633	3190000	63.275074	40.028862	101.90738	8.12425	177.33333	24.787794	22.500784	9.08158	-18.163143	-18.162848	23106.49985051155	218.5097425667096
320	59.337097	28.083014	118.79416	0.29811388	218.35556	3200000	80.93499	11.9597225	93.67312	64.929665	251.0	24.386694	22.00976	9.509993	-19.019182	-19.01907	23183.261470794678	217.3430762797594
321	58.393215	28.44044	110.71947	0.29813612	208.58333	3210000	52.68918	5.2749643	56.73688	45.23855	223.66667	23.808092	21.422983	9.919196	-19.836002	-19.835993	23265.599353551865	216.22753292393955
322	51.43979	28.773125	106.97105	0.29836944	197.23529	3220000	82.38117	10.579399	91.25286	67.51195	210.33333	23.4093	20.886805	10.50436	-21.03933	-21.039509	23344.79565834999	215.0814506737342
323	52.873974	23.697716	104.56646	0.29830277	209.41667	3230000	53.886875	30.209866	84.8184	12.898875	185.0	22.743101	20.365313	10.874059	-21.770817	-21.770987	23425.641481637955	213.94935717652825
324	59.781216	24.970545	103.38177	0.29828888	219.31111	3240000	69.391815	40.894497	107.0924	12.560744	184.66667	22.559559	20.471432	11.588616	-23.152763	-23.152992	23512.511583805084	212.87047523353326
325	50.33688	29.41775	109.02093	0.29709443	185.18182	3250000	62.48822	30.17649	104.37777	34.48086	209.0	22.660337	20.6377	12.6584635	-25.315151	-25.315695	23589.476546049118	211.7004305307682
326	64.077385	24.598274	109.701096	0.29800278	218.42223	3260000	46.281635	27.818579	78.76221	10.817166	146.0	23.153315	21.288958	13.521259	-27.035799	-27.036032	23669.220836162567	210.55441847059626
327	57.010117	29.126934	109.33249	7.5902557	191.32692	3270000	72.724144	17.019707	90.524895	49.79324	251.0	23.895704	22.040054	14.14563	-28.260098	-28.260454	23754.443861961365	209.45559571842898
328	53.098904	28.498041	107.41584	0.29811388	194.63461	3280000	81.095924	21.235786	101.40162	51.780693	251.0	24.711779	22.89717	14.513891	-29.027937	-29.027836	23835.22340321541	208.31597688968588
329	60.16384	28.588474	112.46351	0.29813612	216.32608	3290000	50.603436	30.976286	89.77128	14.028175	184.33333	25.924044	24.147789	14.286746	-28.571278	-28.571924	23915.819902181625	207.17351585963576
330	53.27201	28.924084	100.051094	0.29811388	189.69812	3300000	50.71857	28.49509	76.78177	11.069544	181.0	26.718513	24.93479	13.644575	-27.315996	-27.316133	24000.353248119354	206.0636389887694
331	59.716183	26.635143	109.663414	0.2981639	207.8125	3310000	66.43131	39.21801	105.758865	12.898875	185.0	27.30678	25.689072	12.816784	-25.591911	-25.591927	24080.116297483444	204.91136223933728
332	54.991104	31.062687	114.6702	0.29709443	199.3	3320000	64.62817	14.919646	81.864876	45.471043	251.0	27.844519	26.33193	11.542068	-23.088041	-23.088308	24155.345346212387	203.71978001824345
333	56.682568	26.774765	105.48402	0.29806668	202.53061	3330000	50.96973	42.47273	108.89591	8.247377	142.66667	28.611252	27.190876	10.521684	-21.079166	-21.07929	24240.737134456635	202.61276783457507
334	57.743004	29.071796	106.739624	0.2981639	201.02	3340000	42.400425	20.167301	68.86808	19.964556	157.66667	29.286688	27.959162	9.737023	-19.492996	-19.493513	24317.167976140976	201.4296349242062
335	61.653927	27.582832	110.84364	9.48095	212.47917	3350000	57.692394	7.9086843	63.402676	46.50866	219.66667	30.060747	28.723581	9.21062	-18.38839	-18.388655	24403.812791109085	200.32980648635035
336	50.32422	28.425098	103.60708	0.29813612	192.33333	3360000	64.73114	16.940826	83.49812	42.45045	251.0	30.47375	29.10941	8.982524	-17.999704	-17.999908	24486.279249429703	199.19393832891708
337	59.73721	31.257195	111.617935	0.29811388	195.61539	3370000	36.30424	33.253418	82.49761	5.5711827	126.0	30.702623	29.343075	9.000679	-17.973087	-17.973183	24563.91091775894	198.01767949749052
338	61.330647	29.948578	105.69894	6.892431	205.6875	3380000	45.211517	21.199316	70.374695	18.515137	169.0	30.83094	29.404282	9.66527	-19.331978	-19.332495	24644.83811712265	196.86705003849855
339	59.068527	28.792187	108.66911	0.29806668	190.40384	3390000	46.013016	33.52059	92.3068	14.028175	129.33333	30.643848	29.302357	11.272371	-22.563702	-22.563921	24729.346650838852	195.74359934463612
340	64.67666	32.256184	114.5595	0.298	211.83333	3400000	46.07938	5.2226825	51.872845	39.2151	216.0	31.61929	30.281185	13.474244	-26.954578	-26.955227	24813.151736974716	194.6129547923219
341	63.6645	26.153439	108.79945	6.6475	215.93478	3410000	63.679035	37.39607	91.61131	10.821516	181.0	33.25531	31.77358	15.273834	-30.538048	-30.53857	24897.550750494003	193.48536506055737
342	54.216743	32.486668	114.66345	0.29709443	185.51852	3420000	46.414097	2.526027	48.825943	42.92597	217.66667	34.72179	33.289745	16.310013	-32.616966	-32.617115	24975.661175966263	192.30772249582452
343	54.05148	26.547852	110.514854	0.2981639	207.97917	3430000	25.577642	13.774499	41.94678	8.247377	140.0	36.059124	34.859585	16.399147	-32.787926	-32.78789	25054.645657777786	191.13602371642145
344	58.375916	27.662312	102.008644	7.655667	204.55103	3440000	58.66728	13.77815	69.97841	39.271267	251.0	37.474525	36.174587	16.483528	-32.949722	-32.949505	25138.35881638527	189.99922360500622
345	60.66559	28.71347	105.24535	0.298175	207.125	3450000	67.042336	3.688468	72.18054	63.69455	251.0	37.96648	36.718147	16.589058	-33.16984	-33.170036	25221.33837413788	188.855432259403
346	57.217407	24.998936	112.26399	0.2981639	208.5625	3460000	74.04134	23.74897	106.09131	49.320377	238.33333	38.831985	37.36836	16.955175	-33.92413	-33.924076	25301.84390282631	187.69190563046175
347	61.40353	27.123222	109.03525	13.176375	220.62222	3470000	76.36947	10.171773	86.68555	62.52919	251.0	39.350216	38.106808	17.728212	-35.441525	-35.44145	25381.56565976143	186.52159201717512
348	54.416653	29.449732	114.30656	6.892431	195.57692	3480000	78.889015	10.279887	91.03315	65.89567	228.0	40.43742	38.92905	18.995577	-37.99902	-37.999077	25461.065984010696	185.34875619329256
349	53.103382	31.84468	110.64873	0.298	189.84906	3490000	4.839152	3.2329917	7.5710835	0.2981639	17.666666	41.276405	39.567272	20.707619	-41.41587	-41.415768	25536.206916809082	184.14361243047597
350	58.138954	31.75471	107.39871	0.29811388	197.88	3500000	64.03649	8.628749	71.81455	52.004406	185.33333	42.080814	40.343536	21.270998	-42.562916	-42.56341	25619.724128961563	182.99802948747362
351	58.844418	27.912628	108.55094	0.298	202.71428	3510000	74.31158	5.5022817	82.032455	69.61228	251.0	43.24653	41.854443	21.67594	-43.341103	-43.3414	25703.814022541046	181.85509445472547
352	57.719883	30.092728	108.8001	5.096636	197.23529	3520000	60.39284	16.429207	82.552574	43.26417	240.33333	44.821312	43.745354	22.566706	-45.11338	-45.11366	25783.95449066162	180.68301441317257
353	58.177296	29.096241	107.146614	0.29806668	198.8	3530000	51.725376	14.592111	62.759663	31.105984	158.0	46.1921	45.281445	23.237907	-46.445522	-46.446	25867.75329709053	179.5353982309782
354	52.609383	29.355873	115.4038	0.2981639	194.26923	3540000	57.224518	20.039938	84.17427	36.154785	212.33333	46.345295	45.34028	23.384497	-46.77484	-46.77538	25952.63213968277	178.39379907036007
355	61.75329	28.065027	112.184814	15.569797	219.2889	3550000	68.27013	22.952589	100.57189	49.348145	244.66667	45.48287	44.16895	23.840105	-47.65611	-47.656384	26033.720908880234	177.22486064081463
356	53.22864	31.807808	109.8116	0.29828888	178.78947	3560000	34.49818	20.907366	60.44358	9.24525	150.0	43.941994	42.722034	24.511246	-49.053165	-49.053623	26113.673990249634	176.04724037727613
357	64.66149	27.426308	109.10539	0.2981639	219.88889	3570000	36.81711	39.49267	92.65996	8.066125	106.0	42.34866	41.014038	25.556389	-51.133675	-51.133873	26188.092230796814	174.83180153443365
358	56.61929	31.815443	114.22427	0.29800278	190.0577	3580000	24.186033	16.972048	48.11449	10.594742	117.0	42.2445	41.142323	26.568369	-53.141045	-53.14165	26267.591816186905	173.6498155367441
359	60.041435	22.609837	111.03019	0.29806668	225.13333	3590000	72.86878	25.747288	109.21124	52.74734	250.0	42.892212	41.682594	27.606203	-55.21613	-55.216614	26353.295841693878	172.5076468683551
360	61.535152	27.196875	104.04798	0.298175	212.59575	3600000	62.299107	36.983517	110.06149	19.958855	197.0	42.929195	41.66487	28.42166	-56.81218	-56.812527	26432.794912576675	171.32367072348242
361	60.264797	26.599327	104.45738	7.5710835	215.39131	3610000	67.44586	23.156496	89.93465	35.585316	251.0	42.93708	41.95568	29.17269	-58.328484	-58.32852	26510.135442256927	170.1250612330569
362	58.379406	28.46296	104.02759	0.298	198.60785	3620000	66.094025	19.812336	92.849724	45.512535	243.66667	43.051067	42.117958	29.283697	-58.54808	-58.54824	26597.47482728958	168.98948093929343
363	60.28734	25.621513	108.4417	9.48095	214.58696	3630000	66.06551	31.018618	106.75754	31.52967	201.66667	43.52809	42.807877	28.824808	-57.66587	-57.66596	26671.014360666275	167.765333666114
364	63.38803	25.974716	109.83075	0.29830277	210.89583	3640000	38.540703	27.288418	74.122925	7.8106666	147.33333	43.394974	42.99362	28.423256	-56.84619	-56.84641	26755.111234903336	166.60691977333235
365	59.245876	26.030706	113.616875	10.105333	210.82979	3650000	40.42955	13.98321	50.66223	20.658367	207.66667	42.02731	42.032505	27.681467	-55.353024	-55.3531	26839.629489660263	165.44977081932433
366	55.04848	28.973425	111.48734	0.29806668	194.65384	3660000	87.470314	18.202063	104.93615	62.361164	251.0	40.68673	40.687687	26.821838	-53.640083	-53.64009	26925.935389757156	164.30215583331815
367	57.172375	29.894821	112.162476	0.29800278	204.61224	3670000	54.89667	12.918058	71.49539	39.988514	225.66667	38.530743	38.27908	25.610275	-51.182247	-51.182426	27001.52413868904	163.08822481011825
368	58.292034	30.189177	114.58242	0.29814443	211.0	3680000	37.801212	28.04794	67.74116	0.29836944	147.33333	36.922733	36.739292	23.39216	-46.791668	-46.79231	27081.846328020096	161.90234216982904
369	58.206356	32.22018	107.92907	0.29830277	197.36	3690000	57.473827	20.175896	72.46622	28.953327	201.66667	36.03063	35.746315	20.760515	-41.516747	-41.516956	27159.522550821304	160.6999753388178
370	57.154068	30.213757	114.67621	4.7838	192.86792	3700000	80.18158	15.140773	99.73369	62.84571	251.0	35.57085	35.44874	17.786459	-35.591743	-35.592525	27243.579877853394	159.53447675661997
371	54.541267	32.82617	114.23222	0.298175	189.01888	3710000	73.84881	7.815771	83.20742	64.0762	251.0	36.358242	35.912228	15.606694	-31.195358	-31.19607	27327.707322359085	158.3681152035284
372	57.35797	29.203276	107.73477	0.29800278	202.71428	3720000	31.661692	13.574594	43.666527	12.685555	141.66667	37.20118	36.555347	15.205571	-30.402437	-30.403032	27407.915487766266	157.1780099588483
373	58.68182	29.072542	106.71868	0.29830277	200.94	3730000	32.183613	23.472176	56.120213	0.29813612	135.66667	39.242622	38.82879	16.4433	-32.89885	-32.898987	27490.883625745773	156.00278017372827
374	53.1528	30.31793	115.07998	0.29814443	196.02	3740000	78.38312	25.164774	100.21929	43.128124	211.33333	41.652534	41.33226	17.696547	-35.398834	-35.39909	27567.913056850433	154.79309469754682
375	54.481594	32.326725	112.9851	0.298	197.23529	3750000	24.957977	14.252968	42.976395	8.12425	117.666664	43.861794	43.69742	18.282679	-36.60146	-36.601593	27651.618784189224	153.6201043513086
376	63.17539	24.577356	108.71488	7.9810414	230.90909	3760000	36.41301	22.843678	57.923687	4.7838	173.0	45.957172	46.211334	18.683527	-37.341045	-37.341	27737.44437766075	152.45758434005663
377	55.85129	33.498055	111.68262	0.29800278	190.11539	3770000	66.32634	34.100666	90.993576	18.105	194.0	47.57985	48.10935	18.685122	-37.384964	-37.38482	27815.4092502594	151.25089909840642
378	58.787075	31.485016	108.93535	0.29709443	194.3077	3780000	49.59248	26.368704	83.508545	19.209162	159.33333	48.961452	49.567265	19.210455	-38.394474	-38.394245	27902.7453019619	150.094132571561
379	51.647102	26.9516	100.066505	0.29813612	190.75	3790000	47.917526	20.649902	65.529465	18.937504	198.66667	51.397118	52.4023	19.943035	-39.864597	-39.865463	27985.685136556625	148.91239671978704
380	64.36911	25.300293	106.14518	5.046125	224.0	3800000	63.52315	32.88153	99.95379	20.279867	198.0	53.684517	54.76343	21.34871	-42.729584	-42.72952	28068.18910217285	147.7273110590483
381	51.305626	30.291183	111.43562	0.29709443	187.9423	3810000	68.46923	20.821247	85.82516	39.19114	251.0	57.429485	58.37706	23.581465	-47.182663	-47.18318	28149.893210172653	146.53706438744788
382	54.661915	25.890406	107.77914	0.29800278	200.62	3820000	59.05839	25.79952	93.22751	30.893375	216.33333	59.382565	60.879555	25.403894	-50.840153	-50.840054	28232.116485357285	145.34859271952413
383	63.523903	23.510412	105.04324	14.786535	227.31818	3830000	73.53849	12.616914	88.36319	57.526665	248.0	60.505516	62.432034	26.226791	-52.512016	-52.51174	28316.742841005325	144.17140610470162
384	50.64106	27.447706	100.146385	0.29709443	188.60378	3840000	42.011257	5.259173	49.18186	36.71565	244.66667	61.278645	63.581078	26.44289	-52.88539	-52.885765	28398.51801300049	142.9786497146305
385	55.411884	29.196375	110.02724	0.29828888	192.42308	3850000	73.15815	8.204215	83.76144	63.77711	251.0	61.31752	63.820045	26.52177	-53.045486	-53.045616	28484.20542240143	141.80448586316336
386	61.270386	31.117971	105.36171	0.29813612	200.18	3860000	90.09588	14.505435	106.60644	71.29723	251.0	62.481674	64.85176	26.766695	-53.5025	-53.50356	28567.9925532341	140.61965245823785
387	61.290005	29.55286	103.66523	5.0749726	203.28572	3870000	12.169822	8.576705	20.25527	0.29709443	58.0	62.6395	64.634094	26.793438	-53.604664	-53.605286	28647.303797006607	139.4119435357493
388	63.726574	19.77525	101.85929	11.1595	227.86363	3880000	82.53455	24.19999	106.634346	49.440437	236.0	62.795998	65.57618	26.630785	-53.242756	-53.243755	28727.34504199028	138.20715827188133
389	48.65332	27.829737	95.54909	0.29813612	184.74074	3890000	14.491038	8.225066	24.904142	4.795275	66.666664	62.593987	64.93489	25.97909	-51.988728	-51.989395	28814.307780742645	137.03462568680854
390	52.189762	28.433846	119.33548	0.29800278	190.94339	3900000	64.1282	37.642498	102.27696	12.898875	185.0	63.01247	65.09349	25.285103	-50.548977	-50.549656	28891.292986869812	135.81377044549356
391	59.131447	30.689697	114.753746	0.29830277	205.44897	3910000	65.10078	4.6080427	70.58734	59.312122	225.33333	64.44652	66.81704	24.562412	-49.10373	-49.104176	28975.235946893692	134.62492404550136
392	55.436256	31.456816	114.96761	0.29813612	197.98	3920000	44.368343	14.793987	62.619232	26.384464	246.33333	64.56781	66.52994	24.284746	-48.556465	-48.557217	29060.794835329056	133.44242525879218
393	63.34862	26.490944	103.35074	7.655667	224.26666	3930000	67.28204	11.2601185	81.28051	53.7088	239.33333	64.795265	66.65052	24.211931	-48.40762	-48.40814	29143.948372125626	132.2477725059325
394	51.343155	28.827991	104.320145	0.29800278	184.98148	3940000	50.144733	20.260387	76.6501	27.467398	168.33333	64.31362	65.95573	24.160042	-48.339752	-48.340256	29224.64675784111	131.04114028045973
395	59.898113	26.070637	114.56802	11.674033	218.82222	3950000	87.242676	22.362022	108.4185	56.313217	239.33333	64.30542	66.11017	23.8599	-47.728977	-47.729427	29306.581758737564	129.83928626760652
396	47.406414	27.017153	97.35035	0.29830277	183.4	3960000	64.352516	10.006289	77.6175	53.451668	250.0	63.167423	64.67554	23.59822	-47.188663	-47.189228	29387.915581464767	128.63397392038544
397	58.035378	29.468164	113.97282	0.298	202.14	3970000	56.860474	33.10396	94.905945	14.211175	161.66667	62.040524	63.686363	23.432545	-46.848553	-46.848854	29475.37642645836	127.45439847933956
398	61.278957	25.427666	105.11723	0.29830277	213.04256	3980000	34.919075	38.35521	89.16112	7.6150665	102.666664	61.195526	62.843124	23.198057	-46.42035	-46.42083	29556.918288469315	126.24814343913717
399	63.109863	24.53348	99.23466	7.5902557	222.61363	3990000	41.358315	17.115065	61.938343	20.034943	193.33333	60.245583	62.27782	23.452057	-46.86413	-46.864574	29640.40771627426	125.04933914884289
400	50.456352	30.193747	113.473114	0.29811388	184.92592	4000000	58.730927	31.511251	84.55106	14.365669	187.66667	60.46868	62.63679	23.446928	-46.911095	-46.911606	29717.68413901329	123.82368390758832
401	58.43679	29.942421	108.417885	4.795275	201.82	4010000	73.32857	23.043005	92.58185	40.932354	217.33333	60.28845	62.306202	23.462349	-46.917088	-46.917458	29804.21024608612	122.63577781662977
402	59.56024	24.994444	118.12219	6.6475	214.93617	4020000	29.86438	22.12395	53.512207	0.298175	128.0	59.65562	61.69951	24.037445	-48.058605	-48.058914	29889.283131599426	121.44070260087847
403	52.16509	23.431221	101.47052	0.29814443	206.04167	4030000	60.082973	21.787064	88.75933	35.984463	251.0	58.930244	60.90414	25.06917	-50.120575	-50.121044	29964.992488622665	120.2069591119528
404	62.187866	25.906702	113.66506	15.475549	211.02083	4040000	69.53658	5.2078457	75.02756	62.540283	251.0	58.688988	60.831448	26.394775	-52.783604	-52.78424	30053.57279276848	119.02405065970846
405	60.15045	30.339703	111.92597	0.29813612	203.7347	4050000	46.26939	38.701767	100.06813	10.651556	137.33333	56.603756	58.947968	27.27547	-54.60134	-54.601334	30133.970460414886	117.8077034404739
406	59.82118	24.940845	105.35207	7.655667	213.36171	4060000	73.35131	26.366014	109.782425	48.256035	240.66667	53.983856	56.180737	27.332865	-54.653564	-54.654217	30219.22412109375	116.60948552014597
407	57.68026	26.151236	102.51392	0.29824167	201.69388	4070000	65.67484	20.348112	91.17582	41.3769	251.0	52.52017	54.5618	26.832747	-53.62951	-53.629845	30300.06038761139	115.39335036506232
408	60.432446	27.790092	107.57807	0.29800278	208.29167	4080000	45.22342	32.963707	78.46588	0.29824167	167.66667	50.721752	52.80934	26.830864	-53.655495	-53.656017	30381.439549446106	114.17861268045075
409	53.961407	26.438951	103.64605	5.327389	192.84616	4090000	51.84607	22.47203	83.281525	32.08515	203.33333	50.242302	52.200222	26.787825	-53.58656	-53.58663	30464.087990522385	112.9678894452186
410	54.024254	32.24726	108.752625	0.29811388	187.37737	4100000	54.522533	39.242428	109.2072	18.98614	197.33333	49.441166	51.25762	26.585697	-53.159153	-53.15915	30544.361689567566	111.74766471444107
411	59.159958	24.117498	108.54759	0.29814443	212.7234	4110000	44.441303	17.411217	64.17318	21.819366	204.66667	49.08699	50.798546	26.104742	-52.249977	-52.250267	30628.019062519073	110.53907933731149
412	59.613052	26.635178	114.25254	7.5902557	217.17392	4120000	69.00151	27.558094	104.316574	37.067856	210.0	49.125877	50.580612	25.327269	-50.684204	-50.684254	30706.141329050064	109.30988822214812
413	60.21378	28.648722	112.52609	0.29836944	212.46808	4130000	38.209538	27.047478	61.570408	0.29836944	167.66667	48.31936	49.85905	24.353762	-48.655777	-48.655838	30789.467025518417	108.09861304023941
414	59.47184	28.593782	107.32739	0.29709443	206.65306	4140000	67.86054	14.781005	88.25595	53.695763	245.0	48.135086	49.44511	23.124823	-46.253174	-46.253136	30875.17733311653	106.89473633518541
415	59.34755	30.06299	106.879234	0.29709443	197.88	4150000	52.616055	7.1696568	59.854584	42.847908	247.66667	46.685787	48.016056	22.580801	-45.140648	-45.140854	30952.874738693237	105.66242380271476
416	55.522213	25.29142	102.035194	8.082916	194.67308	4160000	50.573162	30.447632	85.623	11.386779	169.0	45.150677	46.50585	23.18794	-46.383163	-46.383286	31039.110380887985	104.45854454705348
417	55.150562	28.130121	108.474335	7.6150665	194.45097	4170000	67.63317	5.92541	74.826294	60.313713	251.0	43.82199	44.97435	23.516485	-47.069275	-47.069508	31116.461629390717	103.2240733477328
418	61.80704	30.418995	111.39924	0.298175	202.38	4180000	54.80128	19.21034	79.888145	33.22775	228.0	42.59486	43.59675	23.385498	-46.78099	-46.781178	31202.29442834854	102.01707109435323
419	58.417393	27.924728	102.64722	7.6150665	198.58	4190000	56.600754	24.938782	76.36962	21.421892	246.33333	41.008907	42.24947	22.91156	-45.85469	-45.854927	31279.2217297554	100.78030867351838
420	61.532646	26.188189	111.02193	4.7838	219.30435	4200000	72.45995	17.422653	92.66757	50.147034	251.0	39.47054	40.780544	22.48391	-45.013313	-45.013817	31366.800508499146	99.57714446839832
421	63.657894	23.973114	105.871796	9.48095	221.79546	4210000	44.75705	26.524574	72.17638	8.878379	176.66667	38.33181	39.646877	22.638222	-45.27838	-45.27838	31445.48432445526	98.34494305449824
422	60.88377	27.115454	108.86214	8.066125	211.33333	4220000	28.735153	9.632018	37.29188	15.277985	88.666664	37.397667	38.52569	22.841976	-45.655952	-45.65655	31527.97004008293	97.12407831885803
423	63.32895	32.82571	111.32485	0.29800278	201.34694	4230000	75.00567	26.293411	100.1186	38.70008	249.33333	36.17798	37.054054	22.011593	-44.023457	-44.023754	31611.03346824646	95.90423865175511
424	59.287148	21.248217	105.28188	19.980877	231.25	4240000	50.868378	38.718723	101.844574	8.066125	174.0	33.960777	34.775497	21.106714	-42.241837	-42.24164	31688.68049097061	94.66744171403488
425	58.486103	28.636099	109.77457	0.29814443	203.77551	4250000	75.47312	12.153366	84.837746	58.309452	251.0	31.96075	32.591667	19.90438	-39.82667	-39.826855	31774.356409072876	93.45398943494348
426	61.406033	26.477945	114.88652	0.298175	214.08511	4260000	61.25239	37.069252	94.27834	9.48095	179.33333	29.761234	30.35206	18.827372	-37.664795	-37.665108	31859.69327187538	92.23854859274505
427	51.429096	29.062841	110.26882	0.29806668	191.17308	4270000	65.426125	14.8659	85.996185	51.379864	251.0	27.905907	28.531061	18.31619	-36.63759	-36.63751	31940.006739616394	91.00782560196639
428	59.691803	28.984362	106.00159	6.6475	208.77083	4280000	45.5349	26.155293	75.86528	12.033954	174.33333	27.444935	27.976795	18.381653	-36.747974	-36.74847	32024.094945907593	89.78718208798738
429	55.395844	32.285427	116.487144	0.29806668	185.44444	4290000	71.65681	14.076854	90.43681	56.546642	228.33333	27.238068	27.54871	17.739498	-35.459457	-35.459576	32100.788044929504	88.54529724574033
430	58.68056	27.81703	111.38609	0.2981639	207.58333	4300000	48.43539	35.282524	83.879196	0.29824167	167.66667	28.177794	28.413925	16.97399	-33.921425	-33.921555	32189.189848184586	87.3350112134172
431	48.6146	28.05072	112.26377	0.298	188.92308	4310000	68.76618	15.132405	86.76125	49.737812	207.66667	28.23812	28.58658	16.220905	-32.412766	-32.41312	32267.110199928284	86.09553765451273
432	56.504036	27.702587	104.85307	0.29830277	200.66667	4320000	41.25877	19.901943	67.39874	19.152336	191.33333	27.860365	28.3045	15.227459	-30.488573	-30.48876	32351.038384199142	84.8715513140699
433	58.65575	29.96805	109.04192	5.046125	203.72917	4330000	49.880886	31.4881	88.88024	11.765667	183.0	26.936573	27.315126	14.638534	-29.278534	-29.27906	32429.917607545853	83.63373670676197
434	50.85718	31.104803	110.0261	0.29800278	184.76364	4340000	72.745575	12.496019	87.555565	56.990498	251.0	26.364267	26.645332	14.756547	-29.539627	-29.540024	32507.37763762474	82.39197096731256
435	52.64771	25.464844	100.278305	0.29709443	205.36734	4350000	52.890095	39.296608	101.297806	5.046125	161.66667	26.413319	26.560532	15.348249	-30.688726	-30.688993	32593.906040906906	81.17256293415566
436	54.93886	30.594362	111.76238	0.29709443	188.21153	4360000	66.43728	19.653477	94.13906	50.624973	251.0	25.643303	25.72525	15.511279	-31.043888	-31.044191	32675.168221473694	79.93924946799555
437	64.26682	27.735102	110.021225	0.2981639	218.13043	4370000	65.17255	26.640337	86.03816	27.57301	213.0	25.339115	25.48403	16.082037	-32.169727	-32.170036	32757.001834392548	78.7067549773703
438	50.865524	29.410397	108.515976	0.29709443	185.92592	4380000	37.10293	30.862638	75.82301	0.29811388	164.33333	24.713757	24.69527	17.925802	-35.841286	-35.84175	32842.53265619278	77.4823829765915
439	56.96158	30.498753	111.40655	0.29814443	197.21568	4390000	57.334766	35.712982	96.44919	10.106779	179.0	24.286652	24.133598	20.144686	-40.29643	-40.29673	32921.52718138695	76.24195740343316
440	57.45916	25.217867	103.59225	8.12425	216.26086	4400000	76.588615	14.502831	97.025665	64.87227	251.0	24.232529	23.972328	21.51916	-43.03149	-43.031776	33000.857253313065	75.00194830081679
441	59.396782	29.802038	108.548416	0.29814443	203.93878	4410000	36.939316	12.90024	54.759003	24.642975	209.0	24.605173	24.343252	22.102404	-44.19606	-44.19621	33085.207260370255	73.77275995108006
442	59.768333	30.85444	111.90106	0.29709443	191.30188	4420000	70.220375	19.541538	84.196785	42.585075	251.0	24.705593	24.529501	21.69289	-43.38539	-43.38569	33166.1625289917	72.5353479119987
443	59.612736	25.912802	107.157455	0.29824167	212.63829	4430000	44.88542	23.15514	65.41387	12.52645	184.33333	26.349554	25.788485	20.686218	-41.372017	-41.37237	33251.6290166378	71.30710511264091
444	50.665707	29.865097	110.39265	0.29836944	186.98112	4440000	59.627563	25.131062	95.1093	40.114586	179.0	28.539103	28.186304	19.649797	-39.3128	-39.313065	33331.174146175385	70.06553123620179
445	57.00178	28.255232	110.749535	0.29830277	197.39215	4450000	61.019054	37.510674	98.37194	9.721339	179.66667	29.34718	28.954445	17.962328	-35.944073	-35.944607	33410.403936862946	68.82292945599288
446	56.543777	30.65395	117.18565	0.29709443	200.26	4460000	72.444954	3.8138392	77.128944	67.787094	251.0	29.875917	29.36366	16.833694	-33.681717	-33.68185	33496.9036052227	67.59464852831289
447	58.453983	26.630148	102.85265	7.9812965	210.68085	4470000	53.618145	29.075422	75.458176	12.52645	184.33333	31.259518	30.808685	17.32774	-34.689835	-34.69006	33576.40033864975	66.35157411903876
448	60.644684	29.058516	111.01802	7.9810414	208.1875	4480000	51.608692	29.141836	86.26484	14.96525	186.66667	32.426746	31.865015	19.206833	-38.41618	-38.41611	33657.70349907875	65.11162879101578
449	56.78111	30.430164	115.5335	0.298175	205.30612	4490000	26.784937	4.3965526	31.872143	21.145407	116.666664	34.92016	34.62648	21.988186	-43.98994	-43.990147	33743.57291173935	63.87981508723346
450	58.990818	26.767056	110.7481	0.29830277	208.39583	4500000	55.64763	32.99285	88.54687	10.544517	181.0	38.344406	38.2434	24.741913	-49.496204	-49.496063	33826.98186779022	62.642559011777244
451	61.39341	30.398188	113.89692	7.5710835	199.96	4510000	51.10982	25.788584	78.31953	16.474028	170.0	43.818127	43.371918	26.526302	-53.042885	-53.042946	33904.76335477829	61.394434749657194
452	52.22792	25.765099	98.00895	0.29830277	200.2	4520000	48.758106	29.222048	72.96863	7.648018	175.66667	47.97725	47.377815	27.150013	-54.31516	-54.31519	33992.47930812836	60.16368018926773
453	61.358574	26.74392	109.14947	0.29830277	210.76596	4530000	80.104	15.604699	95.28579	58.642456	246.33333	51.770008	51.752926	27.826431	-55.65899	-55.65936	34076.55503821373	58.92561025492316
454	57.50701	29.553095	108.7644	0.29709443	199.34	4540000	98.71342	7.02813	107.76001	90.62483	251.0	55.192135	54.872032	28.129333	-56.260323	-56.260353	34158.56367635727	57.68333072938933
455	59.13732	25.405083	105.18389	7.655667	206.08163	4550000	44.436123	43.959892	104.4207	0.29830277	119.333336	60.65588	60.045715	28.988089	-57.97507	-57.97538	34239.77748322487	56.43919365248837
456	60.801407	26.977203	108.99278	8.413596	205.70833	4560000	89.65539	10.721959	100.387665	75.0127	251.0	70.41043	69.017494	30.228437	-60.462585	-60.462673	34321.2528295517	55.194997238590005
457	64.30038	26.592806	107.12381	0.29806668	221.57777	4570000	60.178013	17.87729	79.80571	36.56339	240.66667	77.77292	76.85885	31.347677	-62.712177	-62.712605	34405.49562382698	53.95464302638776
458	58.95252	30.797226	105.392296	0.29813612	197.56863	4580000	90.11627	15.864749	103.885956	67.89089	251.0	81.090645	80.63294	32.46356	-64.9583	-64.95865	34488.51047539711	52.71169723131771
459	57.723995	27.145504	101.12169	0.2981639	209.0	4590000	44.123966	40.21202	100.67484	10.651556	140.33333	85.760704	84.97508	33.87153	-67.74879	-67.7498	34575.78618812561	51.474481977997435
460	54.69744	32.887417	112.099464	0.298	190.71698	4600000	45.763905	28.814596	86.50108	24.510324	152.33333	87.70056	86.72221	35.179207	-70.37413	-70.375015	34656.39842414856	50.226664381441864
461	55.524353	31.684998	115.98344	0.2981639	195.60785	4610000	87.53757	20.529425	104.703316	58.67691	251.0	88.40647	86.606766	36.45736	-72.94212	-72.942986	34738.92193031311	48.981126364270416
462	57.577656	26.83668	103.74738	4.7838	205.12245	4620000	95.71227	8.860025	105.282524	83.92302	251.0	86.22807	84.10163	37.773605	-75.60214	-75.60335	34816.2885863781	47.727956935612845
463	53.96028	29.27618	100.496086	0.29709443	194.37254	4630000	38.61558	22.754961	70.721436	20.667145	195.66667	85.85167	83.92724	39.3124	-78.58209	-78.582985	34903.751204013824	46.48807755627162
464	62.784523	24.989256	103.60316	7.8493333	216.78261	4640000	60.297424	21.829128	83.9865	31.309755	203.33333	86.370575	84.89656	39.74508	-79.47852	-79.47891	34986.77012395859	45.24151309009256
465	53.536053	31.259588	106.756676	0.29813612	191.09616	4650000	58.57088	4.249884	64.39618	54.376938	231.33333	88.43646	87.294945	39.56912	-79.1706	-79.17115	35068.26009464264	43.992440977746014
466	56.699917	27.969543	112.437386	0.298175	203.38	4660000	35.940792	23.105247	67.631584	13.1998205	136.66667	93.15522	92.44188	39.188107	-78.38387	-78.38446	35148.147000312805	42.74095128648442
467	56.92349	22.167742	107.865524	0.298175	214.91304	4670000	15.680652	11.158685	26.422586	0.29806668	102.333336	97.98692	97.24158	38.707912	-77.412895	-77.4136	35233.503131866455	41.49556043199094
468	56.035236	26.227016	102.69589	0.29811388	208.66667	4680000	81.5783	13.900321	92.21705	61.94316	249.33333	100.99525	100.751625	38.15539	-76.299904	-76.3007	35315.53990960121	40.24562952525255
469	53.616467	27.381304	108.584526	0.29824167	204.67346	4690000	33.848083	22.977867	64.96356	10.175926	148.0	103.64438	103.51772	38.111153	-76.20435	-76.20468	35399.33619618416	38.99713653321798
470	56.67125	31.166687	113.744026	0.298	193.73077	4700000	37.91589	18.459728	62.95001	18.98696	143.0	104.08008	104.36539	38.425766	-76.84804	-76.84835	35484.92095327377	37.74991590672351
471	55.65513	29.599686	110.2973	0.298	202.20409	4710000	62.919224	20.847494	91.243675	41.670303	251.0	103.16959	103.454384	38.320675	-76.64698	-76.64753	35565.64180350304	36.49694310899162
472	60.54103	27.138712	105.68908	0.298175	216.19565	4720000	44.96393	14.137434	63.58626	29.351408	211.33333	102.67582	103.02316	38.145992	-76.338264	-76.33889	35649.854706048965	35.24703148808856
473	57.097103	28.6142	107.96261	5.046125	194.09616	4730000	70.53213	33.19276	109.1026	28.076267	250.0	104.582794	105.16562	37.787502	-75.59852	-75.6	35731.28831410408	33.993826090508236
474	56.548294	28.564442	111.91116	0.29813612	201.14285	4740000	52.31917	12.84266	69.33809	38.317154	248.0	104.98593	105.5454	37.40808	-74.80887	-74.80978	35817.23418664932	32.74430692060084
475	54.48792	29.767694	109.33338	0.29813612	191.40384	4750000	48.68117	29.77711	84.27277	11.39325	182.0	104.51805	105.21609	37.284008	-74.54925	-74.550026	35900.7550675869	31.49189040932739
476	61.45164	26.710203	105.93964	7.5902557	212.95744	4760000	64.240715	6.5774617	72.81145	56.82463	251.0	105.910645	106.425064	37.661705	-75.33296	-75.33336	35982.427434921265	30.23733397832438
477	58.62663	27.78981	105.02332	0.29813612	205.9796	4770000	37.09499	28.966267	76.745384	8.356236	127.0	106.22107	107.19377	37.762146	-75.53385	-75.53439	36062.17227387428	28.980781351403703
478	53.313225	29.459427	111.92865	0.298	183.38889	4780000	85.878395	12.823886	103.45004	73.20591	251.0	106.84944	108.20124	37.44512	-74.87224	-74.87264	36142.32902884483	27.724241234601127
479	67.92017	26.395706	117.20644	13.747	224.37778	4790000	31.789803	19.773575	56.2753	7.8493333	176.66667	106.63936	108.290344	36.96807	-73.96999	-73.97009	36229.63047504425	26.472590116593434
480	57.66491	26.40748	113.94908	9.258824	214.53192	4800000	80.121346	13.951016	90.48572	60.400208	251.0	107.17184	108.89506	37.040253	-74.069466	-74.06959	36314.18765974045	25.21818587432305
481	48.759697	25.380913	106.16992	0.29806668	189.60378	4810000	53.12538	12.546962	67.21179	36.737705	248.33333	108.85062	110.4924	37.517433	-75.025536	-75.025375	36396.75112390518	23.96182506362019
482	56.174847	30.675713	106.213196	0.298	191.6923	4820000	58.07681	38.000534	90.789604	4.795275	173.0	109.92248	111.53075	39.039543	-78.07388	-78.07328	36482.43964624405	22.70691264214852
483	55.823997	24.45181	102.18061	0.29811388	213.86957	4830000	84.33557	15.345413	101.455246	64.2254	248.0	111.67199	112.92942	39.663254	-79.4028	-79.40202	36563.05502939224	21.448306952500197
484	55.747704	30.582802	112.93642	0.29806668	194.34616	4840000	39.509335	21.095766	68.624016	19.312975	142.0	113.59732	115.40803	38.896416	-77.774765	-77.775085	36649.01885199547	20.192296887626334
485	58.925236	25.53497	106.39098	0.29800278	218.04347	4850000	68.0481	26.16699	104.66047	45.08168	246.0	114.71676	115.76489	37.478844	-74.91429	-74.91503	36731.60444808006	18.933816725322878
486	56.631172	29.017189	112.21963	0.29813612	199.52	4860000	74.49433	22.885372	95.6257	42.698727	204.33333	116.54403	117.58319	36.47193	-72.95034	-72.951355	36813.68157172203	17.674607064040437
487	56.419037	28.173037	107.47087	0.29824167	207.10417	4870000	72.5085	24.343315	106.65558	51.6431	251.0	113.16326	114.15129	36.50682	-72.97189	-72.97312	36893.481620550156	16.413937749779443
488	55.229183	28.92447	114.17009	0.29814443	200.38	4880000	83.00042	37.012146	109.78689	30.662188	245.33333	111.79658	112.79713	36.24385	-72.48992	-72.49036	36980.47867298126	15.15593388197852
489	58.849262	27.175644	111.1336	0.298175	206.70833	4890000	40.89197	11.841308	56.460594	27.765532	243.33333	107.78273	108.68202	34.99821	-69.9489	-69.94925	37063.303626060486	13.895580772965152
490	57.169285	27.618565	100.939156	0.29806668	198.7451	4900000	55.892803	30.317703	84.84131	14.028175	186.33333	104.99374	105.50138	32.875683	-65.77014	-65.77019	37146.150190114975	12.634744962218667
491	56.490055	31.62112	107.81196	0.29806668	187.39622	4910000	48.7413	45.56253	113.07991	13.518568	128.33333	104.172424	104.366	31.209568	-62.393734	-62.394123	37229.42451643944	11.373551277643308
492	58.832664	28.79952	108.06228	7.7256184	194.13725	4920000	57.66859	16.473148	71.236336	34.483982	236.33333	104.09186	104.83694	29.953104	-59.896076	-59.89592	37309.75373983383	10.11104437368026
493	53.695736	30.74237	110.75293	0.29806668	191.28302	4930000	48.02344	8.077414	57.01059	37.42329	244.66667	105.657715	106.55906	29.51428	-59.066113	-59.06662	37397.95916032791	8.850091755035521
494	57.874485	27.248558	106.33242	0.29811388	210.29787	4940000	71.211235	10.716985	83.34307	57.278008	251.0	108.90398	109.82903	29.863289	-59.7528	-59.75254	37477.50674700737	7.586539827088113
495	64.477104	25.052567	111.690216	5.046125	214.04256	4950000	32.00133	33.159626	77.77825	0.29830277	103.333336	113.94815	114.706696	30.785925	-61.54713	-61.546906	37561.80983829498	6.323537009653419
496	63.471233	24.948015	104.976105	0.29870588	224.51111	4960000	84.661804	10.029413	96.8376	72.273415	251.0	113.8469	114.44212	30.7541	-61.469967	-61.469593	37645.048171281815	5.059818302399369
497	50.028145	28.55649	113.57943	0.29813612	178.66072	4970000	83.32162	14.055415	96.80039	63.930195	251.0	115.474686	116.65067	30.755941	-61.496628	-61.496265	37729.6154358387	3.795735959243966
498	63.163044	28.5765	110.01418	0.29806668	215.02174	4980000	73.88154	24.9353	105.48726	44.533836	251.0	117.954025	118.81634	32.15832	-64.30059	-64.301285	37809.01694393158	2.530724025634398
499	57.52498	29.258163	108.92519	0.29811388	205.0204	4990000	57.94202	9.439979	68.14237	45.382996	251.0	120.702354	121.7201	34.314365	-68.644264	-68.644875	37890.63838863373	1.2655523843580514
500	56.706688	31.43808	105.687004	4.795275	190.82692	5000000	73.55308	13.766786	88.93092	55.523556	251.0	125.474236	126.60275	37.05103	-74.087395	-74.08762	37975.0419356823	0.0
